primary_mass sec_mass period case donar_star donar_star_index donar_state
15.135612484362088 9.081367490617252 1.0 0 primary 1 1.0
15.135612484362088 9.081367490617252 1.2589254117941673 0 primary 1 1.0
15.135612484362088 9.081367490617252 1.5848931924611136 0 primary 1 1.0
15.135612484362088 9.081367490617252 1.99526231496888 0 primary 1 1.0
15.135612484362088 9.081367490617252 2.51188643150958 0 primary 1 1.0
15.135612484362088 9.081367490617252 3.1622776601683795 0 primary 1 1.0
15.135612484362088 9.081367490617252 3.981071705534973 0 primary 1 1.0
15.135612484362088 9.081367490617252 5.011872336272724 0 primary 1 1.0
15.135612484362088 9.081367490617252 6.309573444801933 0 primary 1 1.0
15.135612484362088 9.081367490617252 7.943282347242816 1 primary 1 2.0
15.135612484362088 9.081367490617252 10.0 1 primary 1 2.0
15.135612484362088 9.081367490617252 12.589254117941676 1 primary 1 2.0
15.135612484362088 9.081367490617252 15.848931924611142 1 primary 1 2.0
15.135612484362088 9.081367490617252 19.9526231496888 1 primary 1 2.0
15.135612484362088 9.081367490617252 25.11886431509581 1 primary 1 2.0
15.135612484362088 9.081367490617252 31.622776601683796 1 primary 1 2.0
15.135612484362088 9.081367490617252 39.81071705534973 1 primary 1 2.0
15.135612484362088 9.081367490617252 50.11872336272725 1 primary 1 2.0
15.135612484362088 9.081367490617252 63.09573444801933 1 primary 1 2.0
15.135612484362088 9.081367490617252 79.43282347242817 1 primary 1 2.0
15.135612484362088 9.081367490617252 100.0 1 primary 1 2.0
15.135612484362088 9.081367490617252 125.89254117941675 1 primary 1 2.0
15.135612484362088 9.081367490617252 158.48931924611142 1 primary 1 2.0
15.135612484362088 9.081367490617252 199.52623149688807 1 primary 1 2.0
15.135612484362088 9.081367490617252 251.18864315095823 1 primary 1 2.0
15.135612484362088 9.081367490617252 316.227766016838 1 primary 1 2.0
15.135612484362088 9.081367490617252 398.1071705534973 1 primary 1 2.0
15.135612484362088 9.081367490617252 501.18723362727246 1 primary 1 2.0
15.135612484362088 9.081367490617252 630.9573444801937 2 primary 5 4.0
15.135612484362088 9.081367490617252 794.3282347242822 2 primary 5 4.0
15.135612484362088 9.081367490617252 1000.0 2 primary 5 4.0
15.135612484362088 9.081367490617252 1258.9254117941675 2 primary 5 4.0
15.135612484362088 9.081367490617252 1584.893192461114 2 primary 5 4.0
15.135612484362088 9.081367490617252 1995.262314968881 2 primary 5 4.0
15.135612484362088 9.081367490617252 2511.886431509582 4 none 0 nan
15.135612484362088 9.081367490617252 3162.2776601683795 4 none 0 nan
15.135612484362088 9.081367490617252 3981.071705534973 4 none 0 nan
15.135612484362088 9.081367490617252 5011.872336272725 4 none 0 nan
15.135612484362088 9.081367490617252 6309.573444801937 4 none 0 nan
15.135612484362088 9.081367490617252 7943.282347242822 4 none 0 nan
15.135612484362088 9.081367490617252 10000.0 4 none 0 nan
15.48816618912482 9.292899713474892 1.2589254117941673 0 primary 1 1.0
15.48816618912482 9.292899713474892 1.5848931924611136 0 primary 1 1.0
15.48816618912482 9.292899713474892 1.99526231496888 0 primary 1 1.0
15.48816618912482 9.292899713474892 2.51188643150958 0 primary 1 1.0
15.48816618912482 9.292899713474892 3.1622776601683795 0 primary 1 1.0
15.48816618912482 9.292899713474892 3.981071705534973 0 primary 1 1.0
15.48816618912482 9.292899713474892 5.011872336272724 0 primary 1 1.0
15.48816618912482 9.292899713474892 6.309573444801933 0 primary 1 1.0
15.48816618912482 9.292899713474892 7.943282347242816 1 primary 1 2.0
15.48816618912482 9.292899713474892 10.0 1 primary 1 2.0
15.48816618912482 9.292899713474892 12.589254117941676 1 primary 1 2.0
15.48816618912482 9.292899713474892 15.848931924611142 1 primary 1 2.0
15.48816618912482 9.292899713474892 19.9526231496888 1 primary 1 2.0
15.48816618912482 9.292899713474892 25.11886431509581 1 primary 1 2.0
15.48816618912482 9.292899713474892 31.622776601683796 1 primary 1 2.0
15.48816618912482 9.292899713474892 39.81071705534973 1 primary 1 2.0
15.48816618912482 9.292899713474892 50.11872336272725 1 primary 1 2.0
15.48816618912482 9.292899713474892 63.09573444801933 1 primary 1 2.0
15.48816618912482 9.292899713474892 79.43282347242817 1 primary 1 2.0
15.48816618912482 9.292899713474892 100.0 1 primary 1 2.0
15.48816618912482 9.292899713474892 125.89254117941675 1 primary 1 2.0
15.48816618912482 9.292899713474892 158.48931924611142 1 primary 1 2.0
15.48816618912482 9.292899713474892 199.52623149688807 1 primary 1 2.0
15.48816618912482 9.292899713474892 251.18864315095823 1 primary 1 2.0
15.48816618912482 9.292899713474892 316.227766016838 1 primary 1 2.0
15.48816618912482 9.292899713474892 398.1071705534973 1 primary 1 2.0
15.48816618912482 9.292899713474892 501.18723362727246 1 primary 1 2.0
15.48816618912482 9.292899713474892 630.9573444801937 2 primary 5 4.0
15.48816618912482 9.292899713474892 794.3282347242822 2 primary 5 4.0
15.48816618912482 9.292899713474892 1000.0 2 primary 5 4.0
15.48816618912482 9.292899713474892 1258.9254117941675 2 primary 5 4.0
15.48816618912482 9.292899713474892 1584.893192461114 2 primary 5 4.0
15.48816618912482 9.292899713474892 1995.262314968881 2 primary 5 4.0
15.48816618912482 9.292899713474892 2511.886431509582 4 none 0 nan
15.48816618912482 9.292899713474892 3162.2776601683795 4 none 0 nan
15.48816618912482 9.292899713474892 3981.071705534973 4 none 0 nan
15.48816618912482 9.292899713474892 5011.872336272725 4 none 0 nan
15.48816618912482 9.292899713474892 6309.573444801937 4 none 0 nan
15.48816618912482 9.292899713474892 7943.282347242822 4 none 0 nan
15.48816618912482 9.292899713474892 10000.0 4 none 0 nan
15.848931924611142 9.509359154766685 1.0 0 primary 1 1.0
15.848931924611142 9.509359154766685 1.2589254117941673 0 primary 1 1.0
15.848931924611142 9.509359154766685 1.5848931924611136 0 primary 1 1.0
15.848931924611142 9.509359154766685 1.99526231496888 0 primary 1 1.0
15.848931924611142 9.509359154766685 2.51188643150958 0 primary 1 1.0
15.848931924611142 9.509359154766685 3.1622776601683795 0 primary 1 1.0
15.848931924611142 9.509359154766685 3.981071705534973 0 primary 1 1.0
15.848931924611142 9.509359154766685 5.011872336272724 0 primary 1 1.0
15.848931924611142 9.509359154766685 6.309573444801933 0 primary 1 1.0
15.848931924611142 9.509359154766685 7.943282347242816 1 primary 1 2.0
15.848931924611142 9.509359154766685 10.0 1 primary 1 2.0
15.848931924611142 9.509359154766685 12.589254117941676 1 primary 1 2.0
15.848931924611142 9.509359154766685 15.848931924611142 1 primary 1 2.0
15.848931924611142 9.509359154766685 19.9526231496888 1 primary 1 2.0
15.848931924611142 9.509359154766685 25.11886431509581 1 primary 1 2.0
15.848931924611142 9.509359154766685 31.622776601683796 1 primary 1 2.0
15.848931924611142 9.509359154766685 39.81071705534973 1 primary 1 2.0
15.848931924611142 9.509359154766685 50.11872336272725 1 primary 1 2.0
15.848931924611142 9.509359154766685 63.09573444801933 1 primary 1 2.0
15.848931924611142 9.509359154766685 79.43282347242817 1 primary 1 2.0
15.848931924611142 9.509359154766685 100.0 1 primary 1 2.0
15.848931924611142 9.509359154766685 125.89254117941675 1 primary 1 2.0
15.848931924611142 9.509359154766685 158.48931924611142 1 primary 1 2.0
15.848931924611142 9.509359154766685 199.52623149688807 1 primary 1 2.0
15.848931924611142 9.509359154766685 251.18864315095823 1 primary 1 2.0
15.848931924611142 9.509359154766685 316.227766016838 1 primary 1 2.0
15.848931924611142 9.509359154766685 398.1071705534973 1 primary 1 2.0
15.848931924611142 9.509359154766685 501.18723362727246 1 primary 1 2.0
15.848931924611142 9.509359154766685 630.9573444801937 2 primary 5 4.0
15.848931924611142 9.509359154766685 794.3282347242822 2 primary 5 4.0
15.848931924611142 9.509359154766685 1000.0 2 primary 5 4.0
15.848931924611142 9.509359154766685 1258.9254117941675 2 primary 5 4.0
15.848931924611142 9.509359154766685 1584.893192461114 2 primary 5 4.0
15.848931924611142 9.509359154766685 1995.262314968881 2 primary 5 4.0
15.848931924611142 9.509359154766685 2511.886431509582 4 none 0 nan
15.848931924611142 9.509359154766685 3162.2776601683795 4 none 0 nan
15.848931924611142 9.509359154766685 3981.071705534973 4 none 0 nan
15.848931924611142 9.509359154766685 5011.872336272725 4 none 0 nan
15.848931924611142 9.509359154766685 6309.573444801937 4 none 0 nan
15.848931924611142 9.509359154766685 7943.282347242822 4 none 0 nan
15.848931924611142 9.509359154766685 10000.0 4 none 0 nan
16.595869074375614 9.957521444625367 1.0 0 primary 1 1.0
16.595869074375614 9.957521444625367 1.2589254117941673 0 primary 1 1.0
16.595869074375614 9.957521444625367 1.5848931924611136 0 primary 1 1.0
16.595869074375614 9.957521444625367 1.99526231496888 0 primary 1 1.0
16.595869074375614 9.957521444625367 2.51188643150958 0 primary 1 1.0
16.595869074375614 9.957521444625367 3.1622776601683795 0 primary 1 1.0
16.595869074375614 9.957521444625367 3.981071705534973 0 primary 1 1.0
16.595869074375614 9.957521444625367 5.011872336272724 0 primary 1 1.0
16.595869074375614 9.957521444625367 6.309573444801933 0 primary 1 1.0
16.595869074375614 9.957521444625367 7.943282347242816 1 primary 1 2.0
16.595869074375614 9.957521444625367 10.0 1 primary 1 2.0
16.595869074375614 9.957521444625367 12.589254117941676 1 primary 1 2.0
16.595869074375614 9.957521444625367 15.848931924611142 1 primary 1 2.0
16.595869074375614 9.957521444625367 19.9526231496888 1 primary 1 2.0
16.595869074375614 9.957521444625367 25.11886431509581 1 primary 1 2.0
16.595869074375614 9.957521444625367 31.622776601683796 1 primary 1 2.0
16.595869074375614 9.957521444625367 39.81071705534973 1 primary 1 2.0
16.595869074375614 9.957521444625367 50.11872336272725 1 primary 1 2.0
16.595869074375614 9.957521444625367 63.09573444801933 1 primary 1 2.0
16.595869074375614 9.957521444625367 79.43282347242817 1 primary 1 2.0
16.595869074375614 9.957521444625367 100.0 1 primary 1 2.0
16.595869074375614 9.957521444625367 125.89254117941675 1 primary 1 2.0
16.595869074375614 9.957521444625367 158.48931924611142 1 primary 1 2.0
16.595869074375614 9.957521444625367 199.52623149688807 1 primary 1 2.0
16.595869074375614 9.957521444625367 251.18864315095823 1 primary 1 2.0
16.595869074375614 9.957521444625367 316.227766016838 1 primary 1 2.0
16.595869074375614 9.957521444625367 398.1071705534973 1 primary 1 2.0
16.595869074375614 9.957521444625367 501.18723362727246 1 primary 1 2.0
16.595869074375614 9.957521444625367 630.9573444801937 2 primary 5 4.0
16.595869074375614 9.957521444625367 794.3282347242822 2 primary 1 4.0
16.595869074375614 9.957521444625367 1000.0 2 primary 5 4.0
16.595869074375614 9.957521444625367 1258.9254117941675 2 primary 5 4.0
16.595869074375614 9.957521444625367 1584.893192461114 2 primary 5 4.0
16.595869074375614 9.957521444625367 1995.262314968881 2 primary 5 4.0
16.595869074375614 9.957521444625367 2511.886431509582 4 none 0 nan
16.595869074375614 9.957521444625367 3162.2776601683795 4 none 0 nan
16.595869074375614 9.957521444625367 3981.071705534973 4 none 0 nan
16.595869074375614 9.957521444625367 5011.872336272725 4 none 0 nan
16.595869074375614 9.957521444625367 6309.573444801937 4 none 0 nan
16.595869074375614 9.957521444625367 7943.282347242822 4 none 0 nan
16.595869074375614 9.957521444625367 10000.0 4 none 0 nan
17.782794100389236 10.669676460233541 1.0 0 primary 1 1.0
17.782794100389236 10.669676460233541 1.2589254117941673 0 primary 1 1.0
17.782794100389236 10.669676460233541 1.5848931924611136 0 primary 1 1.0
17.782794100389236 10.669676460233541 1.99526231496888 0 primary 1 1.0
17.782794100389236 10.669676460233541 2.51188643150958 0 primary 1 1.0
17.782794100389236 10.669676460233541 3.1622776601683795 0 primary 5 1.0
17.782794100389236 10.669676460233541 3.981071705534973 0 primary 1 1.0
17.782794100389236 10.669676460233541 5.011872336272724 0 primary 1 1.0
17.782794100389236 10.669676460233541 6.309573444801933 0 primary 1 1.0
17.782794100389236 10.669676460233541 7.943282347242816 0 primary 1 1.0
17.782794100389236 10.669676460233541 10.0 1 primary 1 2.0
17.782794100389236 10.669676460233541 12.589254117941676 1 primary 1 2.0
17.782794100389236 10.669676460233541 15.848931924611142 1 primary 1 2.0
17.782794100389236 10.669676460233541 19.9526231496888 1 primary 1 2.0
17.782794100389236 10.669676460233541 25.11886431509581 1 primary 1 2.0
17.782794100389236 10.669676460233541 31.622776601683796 1 primary 1 2.0
17.782794100389236 10.669676460233541 39.81071705534973 1 primary 1 2.0
17.782794100389236 10.669676460233541 50.11872336272725 1 primary 1 2.0
17.782794100389236 10.669676460233541 63.09573444801933 1 primary 1 2.0
17.782794100389236 10.669676460233541 79.43282347242817 1 primary 1 2.0
17.782794100389236 10.669676460233541 100.0 1 primary 1 2.0
17.782794100389236 10.669676460233541 125.89254117941675 1 primary 1 2.0
17.782794100389236 10.669676460233541 158.48931924611142 1 primary 1 2.0
17.782794100389236 10.669676460233541 199.52623149688807 1 primary 1 2.0
17.782794100389236 10.669676460233541 251.18864315095823 1 primary 1 2.0
17.782794100389236 10.669676460233541 316.227766016838 1 primary 1 2.0
17.782794100389236 10.669676460233541 398.1071705534973 1 primary 1 2.0
17.782794100389236 10.669676460233541 501.18723362727246 1 primary 1 2.0
17.782794100389236 10.669676460233541 630.9573444801937 1 primary 1 2.0
17.782794100389236 10.669676460233541 794.3282347242822 2 primary 5 4.0
17.782794100389236 10.669676460233541 1000.0 2 primary 5 4.0
17.782794100389236 10.669676460233541 1258.9254117941675 2 primary 5 4.0
17.782794100389236 10.669676460233541 1584.893192461114 2 primary 5 4.0
17.782794100389236 10.669676460233541 1995.262314968881 2 primary 5 4.0
17.782794100389236 10.669676460233541 2511.886431509582 4 none 0 nan
17.782794100389236 10.669676460233541 3162.2776601683795 4 none 0 nan
17.782794100389236 10.669676460233541 3981.071705534973 4 none 0 nan
17.782794100389236 10.669676460233541 5011.872336272725 4 none 0 nan
17.782794100389236 10.669676460233541 6309.573444801937 4 none 0 nan
17.782794100389236 10.669676460233541 7943.282347242822 4 none 0 nan
17.782794100389236 10.669676460233541 10000.0 4 none 0 nan
18.197008586099845 10.918205151659906 1.0 0 primary 1 1.0
18.197008586099845 10.918205151659906 1.2589254117941673 0 primary 1 1.0
18.197008586099845 10.918205151659906 1.5848931924611136 0 primary 1 1.0
18.197008586099845 10.918205151659906 1.99526231496888 0 primary 1 1.0
18.197008586099845 10.918205151659906 2.51188643150958 0 primary 1 1.0
18.197008586099845 10.918205151659906 3.1622776601683795 0 primary 5 1.0
18.197008586099845 10.918205151659906 3.981071705534973 0 primary 1 1.0
18.197008586099845 10.918205151659906 5.011872336272724 0 primary 1 1.0
18.197008586099845 10.918205151659906 6.309573444801933 0 primary 1 1.0
18.197008586099845 10.918205151659906 7.943282347242816 0 primary 1 1.0
18.197008586099845 10.918205151659906 10.0 1 primary 1 2.0
18.197008586099845 10.918205151659906 12.589254117941676 1 primary 1 2.0
18.197008586099845 10.918205151659906 15.848931924611142 1 primary 1 2.0
18.197008586099845 10.918205151659906 19.9526231496888 1 primary 1 2.0
18.197008586099845 10.918205151659906 25.11886431509581 1 primary 1 2.0
18.197008586099845 10.918205151659906 31.622776601683796 1 primary 1 2.0
18.197008586099845 10.918205151659906 39.81071705534973 1 primary 1 2.0
18.197008586099845 10.918205151659906 50.11872336272725 1 primary 1 2.0
18.197008586099845 10.918205151659906 63.09573444801933 1 primary 1 2.0
18.197008586099845 10.918205151659906 79.43282347242817 1 primary 1 2.0
18.197008586099845 10.918205151659906 100.0 1 primary 1 2.0
18.197008586099845 10.918205151659906 125.89254117941675 1 primary 1 2.0
18.197008586099845 10.918205151659906 158.48931924611142 1 primary 1 2.0
18.197008586099845 10.918205151659906 199.52623149688807 1 primary 1 2.0
18.197008586099845 10.918205151659906 251.18864315095823 1 primary 1 2.0
18.197008586099845 10.918205151659906 316.227766016838 1 primary 1 2.0
18.197008586099845 10.918205151659906 398.1071705534973 1 primary 1 2.0
18.197008586099845 10.918205151659906 501.18723362727246 1 primary 1 2.0
18.197008586099845 10.918205151659906 630.9573444801937 1 primary 1 2.0
18.197008586099845 10.918205151659906 794.3282347242822 2 primary 5 4.0
18.197008586099845 10.918205151659906 1000.0 2 primary 5 4.0
18.197008586099845 10.918205151659906 1258.9254117941675 2 primary 5 4.0
18.197008586099845 10.918205151659906 1584.893192461114 2 primary 5 4.0
18.197008586099845 10.918205151659906 1995.262314968881 2 primary 5 4.0
18.197008586099845 10.918205151659906 2511.886431509582 4 none 0 nan
18.197008586099845 10.918205151659906 3162.2776601683795 4 none 0 nan
18.197008586099845 10.918205151659906 3981.071705534973 4 none 0 nan
18.197008586099845 10.918205151659906 5011.872336272725 4 none 0 nan
18.197008586099845 10.918205151659906 6309.573444801937 4 none 0 nan
18.197008586099845 10.918205151659906 7943.282347242822 4 none 0 nan
18.197008586099845 10.918205151659906 10000.0 4 none 0 nan
20.892961308540407 12.535776785124243 1.0 0 primary 1 1.0
25.703957827688654 15.422374696613192 1.2589254117941673 0 primary 1 1.0
26.30267991895384 15.781607951372303 1.0 0 primary 1 1.0
26.91534803926918 16.14920882356151 1.0 0 primary 1 1.0
27.54228703338169 16.525372220029013 1.0 0 primary 1 1.0
27.54228703338169 16.525372220029013 1.5848931924611136 0 primary 1 1.0
27.54228703338169 16.525372220029013 1.99526231496888 0 primary 1 1.0
27.54228703338169 16.525372220029013 2.51188643150958 0 primary 1 1.0
27.54228703338169 16.525372220029013 3.1622776601683795 0 primary 1 1.0
27.54228703338169 16.525372220029013 3.981071705534973 0 primary 1 1.0
27.54228703338169 16.525372220029013 5.011872336272724 0 primary 1 1.0
27.54228703338169 16.525372220029013 6.309573444801933 0 primary 1 1.0
27.54228703338169 16.525372220029013 7.943282347242816 0 primary 1 1.0
27.54228703338169 16.525372220029013 10.0 0 primary 1 1.0
27.54228703338169 16.525372220029013 12.589254117941676 0 primary 1 1.0
27.54228703338169 16.525372220029013 15.848931924611142 0 primary 1 1.0
27.54228703338169 16.525372220029013 19.9526231496888 0 primary 1 1.0
27.54228703338169 16.525372220029013 25.11886431509581 0 primary 1 1.0
27.54228703338169 16.525372220029013 31.622776601683796 0 primary 1 1.0
27.54228703338169 16.525372220029013 39.81071705534973 0 primary 1 1.0
27.54228703338169 16.525372220029013 50.11872336272725 0 primary 1 1.0
27.54228703338169 16.525372220029013 63.09573444801933 0 primary 1 1.0
27.54228703338169 16.525372220029013 79.43282347242817 0 primary 1 1.0
27.54228703338169 16.525372220029013 100.0 0 primary 1 1.0
27.54228703338169 16.525372220029013 125.89254117941675 0 primary 1 1.0
27.54228703338169 16.525372220029013 158.48931924611142 0 primary 1 1.0
27.54228703338169 16.525372220029013 199.52623149688807 0 primary 1 1.0
27.54228703338169 16.525372220029013 251.18864315095823 0 primary 1 1.0
27.54228703338169 16.525372220029013 316.227766016838 0 primary 1 1.0
27.54228703338169 16.525372220029013 398.1071705534973 1 primary 1 2.0
27.54228703338169 16.525372220029013 501.18723362727246 1 primary 1 2.0
27.54228703338169 16.525372220029013 630.9573444801937 1 primary 1 2.0
27.54228703338169 16.525372220029013 794.3282347242822 1 primary 1 2.0
27.54228703338169 16.525372220029013 1000.0 1 primary 1 2.0
27.54228703338169 16.525372220029013 1258.9254117941675 1 primary 1 2.0
27.54228703338169 16.525372220029013 1584.893192461114 1 primary 1 2.0
27.54228703338169 16.525372220029013 1995.262314968881 1 primary 1 2.0
27.54228703338169 16.525372220029013 2511.886431509582 1 primary 5 2.0
27.54228703338169 16.525372220029013 3162.2776601683795 1 primary 5 2.0
27.54228703338169 16.525372220029013 3981.071705534973 4 none 0 nan
27.54228703338169 16.525372220029013 5011.872336272725 4 none 0 nan
27.54228703338169 16.525372220029013 6309.573444801937 4 none 0 nan
27.54228703338169 16.525372220029013 7943.282347242822 4 none 0 nan
27.54228703338169 16.525372220029013 10000.0 4 none 0 nan
28.18382931264457 16.91029758758674 1.0 0 primary 1 1.0
28.840315031266087 17.30418901875965 1.0 0 primary 1 1.0
28.840315031266087 17.30418901875965 1.5848931924611136 0 primary 1 1.0
28.840315031266087 17.30418901875965 1.99526231496888 0 primary 1 1.0
28.840315031266087 17.30418901875965 2.51188643150958 0 primary 1 1.0
28.840315031266087 17.30418901875965 3.1622776601683795 0 primary 1 1.0
28.840315031266087 17.30418901875965 3.981071705534973 0 primary 1 1.0
28.840315031266087 17.30418901875965 5.011872336272724 0 primary 1 1.0
28.840315031266087 17.30418901875965 6.309573444801933 0 primary 1 1.0
28.840315031266087 17.30418901875965 7.943282347242816 0 primary 1 1.0
28.840315031266087 17.30418901875965 10.0 0 primary 1 1.0
28.840315031266087 17.30418901875965 12.589254117941676 0 primary 1 1.0
28.840315031266087 17.30418901875965 15.848931924611142 0 primary 1 1.0
28.840315031266087 17.30418901875965 19.9526231496888 0 primary 1 1.0
28.840315031266087 17.30418901875965 25.11886431509581 0 primary 1 1.0
28.840315031266087 17.30418901875965 31.622776601683796 0 primary 1 1.0
28.840315031266087 17.30418901875965 39.81071705534973 0 primary 1 1.0
28.840315031266087 17.30418901875965 50.11872336272725 0 primary 1 1.0
28.840315031266087 17.30418901875965 63.09573444801933 0 primary 1 1.0
28.840315031266087 17.30418901875965 79.43282347242817 0 primary 1 1.0
28.840315031266087 17.30418901875965 100.0 0 primary 1 1.0
28.840315031266087 17.30418901875965 125.89254117941675 0 primary 1 1.0
28.840315031266087 17.30418901875965 158.48931924611142 0 primary 1 1.0
28.840315031266087 17.30418901875965 199.52623149688807 0 primary 1 1.0
28.840315031266087 17.30418901875965 251.18864315095823 0 primary 1 1.0
28.840315031266087 17.30418901875965 316.227766016838 0 primary 1 1.0
28.840315031266087 17.30418901875965 398.1071705534973 1 primary 1 2.0
28.840315031266087 17.30418901875965 501.18723362727246 1 primary 1 2.0
28.840315031266087 17.30418901875965 630.9573444801937 1 primary 1 2.0
28.840315031266087 17.30418901875965 794.3282347242822 1 primary 1 2.0
28.840315031266087 17.30418901875965 1000.0 1 primary 1 2.0
28.840315031266087 17.30418901875965 1258.9254117941675 1 primary 5 2.0
28.840315031266087 17.30418901875965 1584.893192461114 1 primary 1 2.0
28.840315031266087 17.30418901875965 1995.262314968881 1 primary 1 2.0
28.840315031266087 17.30418901875965 2511.886431509582 1 primary 5 2.0
28.840315031266087 17.30418901875965 3162.2776601683795 1 primary 5 2.0
28.840315031266087 17.30418901875965 3981.071705534973 4 none 0 nan
28.840315031266087 17.30418901875965 5011.872336272725 4 none 0 nan
28.840315031266087 17.30418901875965 6309.573444801937 4 none 0 nan
28.840315031266087 17.30418901875965 7943.282347242822 4 none 0 nan
28.840315031266087 17.30418901875965 10000.0 4 none 0 nan
29.512092266663885 17.70725535999833 1.0 0 primary 1 1.0
30.199517204020196 18.119710322412118 1.0 0 primary 1 1.0
30.199517204020196 18.119710322412118 1.2589254117941673 0 primary 1 1.0
30.902954325135937 18.54177259508156 1.0 0 primary 1 1.0
30.902954325135937 18.54177259508156 1.5848931924611136 0 primary 1 1.0
30.902954325135937 18.54177259508156 1.99526231496888 0 primary 1 1.0
30.902954325135937 18.54177259508156 2.51188643150958 0 primary 1 1.0
30.902954325135937 18.54177259508156 3.1622776601683795 0 primary 1 1.0
30.902954325135937 18.54177259508156 3.981071705534973 0 primary 1 1.0
30.902954325135937 18.54177259508156 5.011872336272724 0 primary 1 1.0
30.902954325135937 18.54177259508156 6.309573444801933 0 primary 1 1.0
30.902954325135937 18.54177259508156 7.943282347242816 0 primary 1 1.0
30.902954325135937 18.54177259508156 10.0 0 primary 1 1.0
30.902954325135937 18.54177259508156 12.589254117941676 0 primary 1 1.0
30.902954325135937 18.54177259508156 15.848931924611142 0 primary 1 1.0
30.902954325135937 18.54177259508156 19.9526231496888 0 primary 1 1.0
30.902954325135937 18.54177259508156 25.11886431509581 0 primary 1 1.0
30.902954325135937 18.54177259508156 31.622776601683796 0 primary 1 1.0
30.902954325135937 18.54177259508156 39.81071705534973 0 primary 1 1.0
30.902954325135937 18.54177259508156 50.11872336272725 0 primary 1 1.0
30.902954325135937 18.54177259508156 63.09573444801933 0 primary 1 1.0
30.902954325135937 18.54177259508156 79.43282347242817 0 primary 1 1.0
30.902954325135937 18.54177259508156 100.0 0 primary 1 1.0
30.902954325135937 18.54177259508156 125.89254117941675 0 primary 1 1.0
30.902954325135937 18.54177259508156 158.48931924611142 0 primary 1 1.0
30.902954325135937 18.54177259508156 199.52623149688807 0 primary 1 1.0
30.902954325135937 18.54177259508156 251.18864315095823 0 primary 1 1.0
30.902954325135937 18.54177259508156 316.227766016838 0 primary 1 1.0
30.902954325135937 18.54177259508156 398.1071705534973 1 primary 1 2.0
30.902954325135937 18.54177259508156 501.18723362727246 1 primary 1 2.0
30.902954325135937 18.54177259508156 630.9573444801937 1 primary 1 2.0
30.902954325135937 18.54177259508156 794.3282347242822 1 primary 1 2.0
30.902954325135937 18.54177259508156 1000.0 1 primary 1 2.0
30.902954325135937 18.54177259508156 1258.9254117941675 1 primary 5 2.0
30.902954325135937 18.54177259508156 1584.893192461114 1 primary 1 2.0
30.902954325135937 18.54177259508156 1995.262314968881 1 primary 1 2.0
30.902954325135937 18.54177259508156 2511.886431509582 1 primary 5 2.0
30.902954325135937 18.54177259508156 3162.2776601683795 1 primary 5 2.0
30.902954325135937 18.54177259508156 3981.071705534973 4 none 0 nan
30.902954325135937 18.54177259508156 5011.872336272725 4 none 0 nan
30.902954325135937 18.54177259508156 6309.573444801937 4 none 0 nan
30.902954325135937 18.54177259508156 7943.282347242822 4 none 0 nan
30.902954325135937 18.54177259508156 10000.0 4 none 0 nan
31.622776601683825 18.973665961010294 1.0 0 primary 3 1.0
31.622776601683825 18.973665961010294 1.5848931924611136 0 primary 1 1.0
31.622776601683825 18.973665961010294 1.99526231496888 0 primary 1 1.0
31.622776601683825 18.973665961010294 2.51188643150958 0 primary 1 1.0
31.622776601683825 18.973665961010294 3.1622776601683795 0 primary 1 1.0
31.622776601683825 18.973665961010294 3.981071705534973 0 primary 1 1.0
31.622776601683825 18.973665961010294 5.011872336272724 0 primary 1 1.0
31.622776601683825 18.973665961010294 6.309573444801933 0 primary 1 1.0
31.622776601683825 18.973665961010294 7.943282347242816 0 primary 1 1.0
31.622776601683825 18.973665961010294 10.0 0 primary 1 1.0
31.622776601683825 18.973665961010294 12.589254117941676 0 primary 1 1.0
31.622776601683825 18.973665961010294 15.848931924611142 0 primary 1 1.0
31.622776601683825 18.973665961010294 19.9526231496888 0 primary 1 1.0
31.622776601683825 18.973665961010294 25.11886431509581 0 primary 1 1.0
31.622776601683825 18.973665961010294 31.622776601683796 0 primary 1 1.0
31.622776601683825 18.973665961010294 39.81071705534973 0 primary 1 1.0
31.622776601683825 18.973665961010294 50.11872336272725 0 primary 1 1.0
31.622776601683825 18.973665961010294 63.09573444801933 0 primary 1 1.0
31.622776601683825 18.973665961010294 79.43282347242817 0 primary 1 1.0
31.622776601683825 18.973665961010294 100.0 0 primary 1 1.0
31.622776601683825 18.973665961010294 125.89254117941675 0 primary 1 1.0
31.622776601683825 18.973665961010294 158.48931924611142 0 primary 1 1.0
31.622776601683825 18.973665961010294 199.52623149688807 0 primary 1 1.0
31.622776601683825 18.973665961010294 251.18864315095823 0 primary 1 1.0
31.622776601683825 18.973665961010294 316.227766016838 1 primary 1 2.0
31.622776601683825 18.973665961010294 398.1071705534973 1 primary 1 2.0
31.622776601683825 18.973665961010294 501.18723362727246 1 primary 1 2.0
31.622776601683825 18.973665961010294 630.9573444801937 1 primary 1 2.0
31.622776601683825 18.973665961010294 794.3282347242822 1 primary 1 2.0
31.622776601683825 18.973665961010294 1000.0 1 primary 1 2.0
31.622776601683825 18.973665961010294 1258.9254117941675 1 primary 5 2.0
31.622776601683825 18.973665961010294 1584.893192461114 1 primary 1 2.0
31.622776601683825 18.973665961010294 1995.262314968881 1 primary 1 2.0
31.622776601683825 18.973665961010294 2511.886431509582 1 primary 5 2.0
31.622776601683825 18.973665961010294 3162.2776601683795 1 primary 5 2.0
31.622776601683825 18.973665961010294 3981.071705534973 4 none 0 nan
31.622776601683825 18.973665961010294 5011.872336272725 4 none 0 nan
31.622776601683825 18.973665961010294 6309.573444801937 4 none 0 nan
31.622776601683825 18.973665961010294 7943.282347242822 4 none 0 nan
31.622776601683825 18.973665961010294 10000.0 4 none 0 nan
32.35936569296286 19.415619415777716 1.0 0 primary 3 1.0
32.35936569296286 19.415619415777716 1.5848931924611136 0 primary 1 1.0
32.35936569296286 19.415619415777716 1.99526231496888 0 primary 1 1.0
32.35936569296286 19.415619415777716 2.51188643150958 0 primary 1 1.0
32.35936569296286 19.415619415777716 3.1622776601683795 0 primary 1 1.0
32.35936569296286 19.415619415777716 3.981071705534973 0 primary 1 1.0
32.35936569296286 19.415619415777716 5.011872336272724 0 primary 1 1.0
32.35936569296286 19.415619415777716 6.309573444801933 0 primary 1 1.0
32.35936569296286 19.415619415777716 7.943282347242816 0 primary 1 1.0
32.35936569296286 19.415619415777716 10.0 0 primary 1 1.0
32.35936569296286 19.415619415777716 12.589254117941676 0 primary 1 1.0
32.35936569296286 19.415619415777716 15.848931924611142 0 primary 1 1.0
32.35936569296286 19.415619415777716 19.9526231496888 0 primary 1 1.0
32.35936569296286 19.415619415777716 25.11886431509581 0 primary 1 1.0
32.35936569296286 19.415619415777716 31.622776601683796 0 primary 1 1.0
32.35936569296286 19.415619415777716 39.81071705534973 0 primary 1 1.0
32.35936569296286 19.415619415777716 50.11872336272725 0 primary 1 1.0
32.35936569296286 19.415619415777716 63.09573444801933 0 primary 1 1.0
32.35936569296286 19.415619415777716 79.43282347242817 0 primary 1 1.0
32.35936569296286 19.415619415777716 100.0 0 primary 1 1.0
32.35936569296286 19.415619415777716 125.89254117941675 0 primary 1 1.0
32.35936569296286 19.415619415777716 158.48931924611142 0 primary 1 1.0
32.35936569296286 19.415619415777716 199.52623149688807 0 primary 1 1.0
32.35936569296286 19.415619415777716 251.18864315095823 0 primary 1 1.0
32.35936569296286 19.415619415777716 316.227766016838 1 primary 1 2.0
32.35936569296286 19.415619415777716 398.1071705534973 1 primary 1 2.0
32.35936569296286 19.415619415777716 501.18723362727246 1 primary 1 2.0
32.35936569296286 19.415619415777716 630.9573444801937 1 primary 1 2.0
32.35936569296286 19.415619415777716 794.3282347242822 1 primary 1 2.0
32.35936569296286 19.415619415777716 1000.0 1 primary 1 2.0
32.35936569296286 19.415619415777716 1258.9254117941675 1 primary 5 2.0
32.35936569296286 19.415619415777716 1584.893192461114 1 primary 1 2.0
32.35936569296286 19.415619415777716 1995.262314968881 1 primary 1 2.0
32.35936569296286 19.415619415777716 2511.886431509582 1 primary 5 2.0
32.35936569296286 19.415619415777716 3162.2776601683795 1 primary 5 2.0
32.35936569296286 19.415619415777716 3981.071705534973 4 none 0 nan
32.35936569296286 19.415619415777716 5011.872336272725 4 none 0 nan
32.35936569296286 19.415619415777716 6309.573444801937 4 none 0 nan
32.35936569296286 19.415619415777716 7943.282347242822 4 none 0 nan
32.35936569296286 19.415619415777716 10000.0 4 none 0 nan
33.11311214825915 19.867867288955487 1.0 0 primary 3 1.0
33.11311214825915 19.867867288955487 1.5848931924611136 0 primary 1 1.0
33.11311214825915 19.867867288955487 1.99526231496888 0 primary 1 1.0
33.11311214825915 19.867867288955487 2.51188643150958 0 primary 1 1.0
33.11311214825915 19.867867288955487 3.1622776601683795 0 primary 1 1.0
33.11311214825915 19.867867288955487 3.981071705534973 0 primary 1 1.0
33.11311214825915 19.867867288955487 5.011872336272724 0 primary 1 1.0
33.11311214825915 19.867867288955487 6.309573444801933 0 primary 1 1.0
33.11311214825915 19.867867288955487 7.943282347242816 0 primary 1 1.0
33.11311214825915 19.867867288955487 10.0 0 primary 1 1.0
33.11311214825915 19.867867288955487 12.589254117941676 0 primary 1 1.0
33.11311214825915 19.867867288955487 15.848931924611142 0 primary 1 1.0
33.11311214825915 19.867867288955487 19.9526231496888 0 primary 1 1.0
33.11311214825915 19.867867288955487 25.11886431509581 0 primary 1 1.0
33.11311214825915 19.867867288955487 31.622776601683796 0 primary 1 1.0
33.11311214825915 19.867867288955487 39.81071705534973 0 primary 1 1.0
33.11311214825915 19.867867288955487 50.11872336272725 0 primary 1 1.0
33.11311214825915 19.867867288955487 63.09573444801933 0 primary 1 1.0
33.11311214825915 19.867867288955487 79.43282347242817 0 primary 1 1.0
33.11311214825915 19.867867288955487 100.0 0 primary 1 1.0
33.11311214825915 19.867867288955487 125.89254117941675 0 primary 1 1.0
33.11311214825915 19.867867288955487 158.48931924611142 0 primary 1 1.0
33.11311214825915 19.867867288955487 199.52623149688807 0 primary 1 1.0
33.11311214825915 19.867867288955487 251.18864315095823 0 primary 1 1.0
33.11311214825915 19.867867288955487 316.227766016838 1 primary 1 2.0
33.11311214825915 19.867867288955487 398.1071705534973 1 primary 1 2.0
33.11311214825915 19.867867288955487 501.18723362727246 1 primary 1 2.0
33.11311214825915 19.867867288955487 630.9573444801937 1 primary 1 2.0
33.11311214825915 19.867867288955487 794.3282347242822 1 primary 1 2.0
33.11311214825915 19.867867288955487 1000.0 1 primary 1 2.0
33.11311214825915 19.867867288955487 1258.9254117941675 1 primary 5 2.0
33.11311214825915 19.867867288955487 1584.893192461114 1 primary 1 2.0
33.11311214825915 19.867867288955487 1995.262314968881 1 primary 1 2.0
33.11311214825915 19.867867288955487 2511.886431509582 1 primary 5 2.0
33.11311214825915 19.867867288955487 3162.2776601683795 1 primary 5 2.0
33.11311214825915 19.867867288955487 3981.071705534973 4 none 0 nan
33.11311214825915 19.867867288955487 5011.872336272725 4 none 0 nan
33.11311214825915 19.867867288955487 6309.573444801937 4 none 0 nan
33.11311214825915 19.867867288955487 7943.282347242822 4 none 0 nan
33.11311214825915 19.867867288955487 10000.0 4 none 0 nan
33.88441561392029 20.330649368352173 1.0 0 primary 3 1.0
33.88441561392029 20.330649368352173 1.5848931924611136 0 primary 1 1.0
33.88441561392029 20.330649368352173 1.99526231496888 0 primary 1 1.0
33.88441561392029 20.330649368352173 2.51188643150958 0 primary 1 1.0
33.88441561392029 20.330649368352173 3.1622776601683795 0 primary 1 1.0
33.88441561392029 20.330649368352173 3.981071705534973 0 primary 1 1.0
33.88441561392029 20.330649368352173 5.011872336272724 0 primary 1 1.0
33.88441561392029 20.330649368352173 6.309573444801933 0 primary 1 1.0
33.88441561392029 20.330649368352173 7.943282347242816 0 primary 1 1.0
33.88441561392029 20.330649368352173 10.0 0 primary 1 1.0
33.88441561392029 20.330649368352173 12.589254117941676 0 primary 1 1.0
33.88441561392029 20.330649368352173 15.848931924611142 0 primary 1 1.0
33.88441561392029 20.330649368352173 19.9526231496888 0 primary 1 1.0
33.88441561392029 20.330649368352173 25.11886431509581 0 primary 1 1.0
33.88441561392029 20.330649368352173 31.622776601683796 0 primary 1 1.0
33.88441561392029 20.330649368352173 39.81071705534973 0 primary 1 1.0
33.88441561392029 20.330649368352173 50.11872336272725 0 primary 1 1.0
33.88441561392029 20.330649368352173 63.09573444801933 0 primary 1 1.0
33.88441561392029 20.330649368352173 79.43282347242817 0 primary 1 1.0
33.88441561392029 20.330649368352173 100.0 0 primary 1 1.0
33.88441561392029 20.330649368352173 125.89254117941675 0 primary 1 1.0
33.88441561392029 20.330649368352173 158.48931924611142 0 primary 1 1.0
33.88441561392029 20.330649368352173 199.52623149688807 0 primary 1 1.0
33.88441561392029 20.330649368352173 251.18864315095823 0 primary 1 1.0
33.88441561392029 20.330649368352173 316.227766016838 1 primary 1 2.0
33.88441561392029 20.330649368352173 398.1071705534973 1 primary 1 2.0
33.88441561392029 20.330649368352173 501.18723362727246 1 primary 1 2.0
33.88441561392029 20.330649368352173 630.9573444801937 1 primary 1 2.0
33.88441561392029 20.330649368352173 794.3282347242822 1 primary 1 2.0
33.88441561392029 20.330649368352173 1000.0 1 primary 1 2.0
33.88441561392029 20.330649368352173 1258.9254117941675 1 primary 5 2.0
33.88441561392029 20.330649368352173 1584.893192461114 1 primary 1 2.0
33.88441561392029 20.330649368352173 1995.262314968881 1 primary 1 2.0
33.88441561392029 20.330649368352173 2511.886431509582 1 primary 5 2.0
33.88441561392029 20.330649368352173 3162.2776601683795 1 primary 5 2.0
33.88441561392029 20.330649368352173 3981.071705534973 4 none 0 nan
33.88441561392029 20.330649368352173 5011.872336272725 4 none 0 nan
33.88441561392029 20.330649368352173 6309.573444801937 4 none 0 nan
33.88441561392029 20.330649368352173 7943.282347242822 4 none 0 nan
33.88441561392029 20.330649368352173 10000.0 4 none 0 nan
34.6736850452532 20.80421102715192 1.0 0 primary 3 1.0
34.6736850452532 20.80421102715192 2.51188643150958 0 primary 1 1.0
34.6736850452532 20.80421102715192 3.1622776601683795 0 primary 1 1.0
34.6736850452532 20.80421102715192 3.981071705534973 0 primary 1 1.0
34.6736850452532 20.80421102715192 5.011872336272724 0 primary 1 1.0
34.6736850452532 20.80421102715192 6.309573444801933 0 primary 1 1.0
34.6736850452532 20.80421102715192 7.943282347242816 0 primary 1 1.0
34.6736850452532 20.80421102715192 10.0 0 primary 1 1.0
34.6736850452532 20.80421102715192 12.589254117941676 0 primary 1 1.0
34.6736850452532 20.80421102715192 15.848931924611142 0 primary 1 1.0
34.6736850452532 20.80421102715192 19.9526231496888 0 primary 1 1.0
34.6736850452532 20.80421102715192 25.11886431509581 0 primary 1 1.0
34.6736850452532 20.80421102715192 31.622776601683796 0 primary 1 1.0
34.6736850452532 20.80421102715192 39.81071705534973 0 primary 1 1.0
34.6736850452532 20.80421102715192 50.11872336272725 0 primary 1 1.0
34.6736850452532 20.80421102715192 63.09573444801933 0 primary 1 1.0
34.6736850452532 20.80421102715192 79.43282347242817 0 primary 1 1.0
34.6736850452532 20.80421102715192 100.0 0 primary 1 1.0
34.6736850452532 20.80421102715192 125.89254117941675 0 primary 1 1.0
34.6736850452532 20.80421102715192 158.48931924611142 0 primary 1 1.0
34.6736850452532 20.80421102715192 199.52623149688807 0 primary 1 1.0
34.6736850452532 20.80421102715192 251.18864315095823 0 primary 1 1.0
34.6736850452532 20.80421102715192 316.227766016838 1 primary 1 2.0
34.6736850452532 20.80421102715192 398.1071705534973 1 primary 1 2.0
34.6736850452532 20.80421102715192 501.18723362727246 1 primary 1 2.0
34.6736850452532 20.80421102715192 630.9573444801937 1 primary 1 2.0
34.6736850452532 20.80421102715192 794.3282347242822 1 primary 1 2.0
34.6736850452532 20.80421102715192 1000.0 1 primary 1 2.0
34.6736850452532 20.80421102715192 1258.9254117941675 1 primary 5 2.0
34.6736850452532 20.80421102715192 1584.893192461114 1 primary 1 2.0
34.6736850452532 20.80421102715192 1995.262314968881 1 primary 1 2.0
34.6736850452532 20.80421102715192 2511.886431509582 1 primary 1 2.0
34.6736850452532 20.80421102715192 3162.2776601683795 1 primary 5 2.0
34.6736850452532 20.80421102715192 3981.071705534973 4 none 0 nan
34.6736850452532 20.80421102715192 5011.872336272725 4 none 0 nan
34.6736850452532 20.80421102715192 6309.573444801937 4 none 0 nan
34.6736850452532 20.80421102715192 7943.282347242822 4 none 0 nan
34.6736850452532 20.80421102715192 10000.0 4 none 0 nan
35.48133892335758 21.28880335401455 1.0 0 primary 3 1.0
36.30780547701018 21.784683286206107 1.0 0 primary 3 1.0
36.30780547701018 21.784683286206107 1.2589254117941673 0 primary 1 1.0
37.153522909717296 22.292113745830378 1.0 0 primary 3 1.0
38.01893963205617 22.811363779233698 1.0 0 primary 3 1.0
38.90451449942811 23.342708699656864 1.0 0 primary 3 1.0
39.81071705534978 23.886430233209865 1.0 0 primary 3 1.0
39.81071705534978 23.886430233209865 1.2589254117941673 0 primary 1 1.0
