primary_mass period case donar_state
10.0 1.0 0 1.0
10.0 1.2589254117941673 0 1.0
10.0 1.5848931924611136 0 1.0
10.0 1.99526231496888 0 1.0
10.0 2.51188643150958 0 1.0
10.0 3.1622776601683795 0 1.0
10.0 3.981071705534973 0 1.0
10.0 5.011872336272724 0 1.0
10.0 6.309573444801933 0 1.0
10.0 7.943282347242816 0 1.0
10.0 10.0 0 1.0
10.0 12.589254117941676 1 2.0
10.0 15.848931924611142 1 2.0
10.0 19.9526231496888 1 2.0
10.0 25.11886431509581 1 2.0
10.0 31.622776601683796 1 2.0
10.0 39.81071705534973 1 2.0
10.0 50.11872336272725 1 2.0
10.0 63.09573444801933 1 2.0
10.0 79.43282347242817 1 2.0
10.0 100.0 1 2.0
10.0 125.89254117941675 1 2.0
10.0 158.48931924611142 1 2.0
10.0 199.52623149688807 1 2.0
10.0 251.18864315095823 1 2.0
10.0 316.227766016838 1 2.0
10.0 398.1071705534973 1 2.0
10.0 501.18723362727246 1 2.0
10.0 630.9573444801937 1 2.0
10.0 794.3282347242822 1 2.0
10.0 1000.0 1 2.0
10.0 1258.9254117941675 1 2.0
10.0 1584.893192461114 1 2.0
10.0 1995.262314968881 1 2.0
10.0 2511.886431509582 1 2.0
10.0 3162.2776601683795 4 
10.0 3981.071705534973 4 
10.0 5011.872336272725 4 
10.0 6309.573444801937 4 
10.0 7943.282347242822 4 
10.23292992280754 1.0 0 1.0
10.23292992280754 1.2589254117941673 0 1.0
10.23292992280754 1.5848931924611136 0 1.0
10.23292992280754 1.99526231496888 0 1.0
10.23292992280754 2.51188643150958 0 1.0
10.23292992280754 3.1622776601683795 0 1.0
10.23292992280754 3.981071705534973 0 1.0
10.23292992280754 5.011872336272724 0 1.0
10.23292992280754 6.309573444801933 0 1.0
10.23292992280754 7.943282347242816 0 1.0
10.23292992280754 10.0 0 1.0
10.23292992280754 12.589254117941676 1 2.0
10.23292992280754 15.848931924611142 1 2.0
10.23292992280754 19.9526231496888 1 2.0
10.23292992280754 25.11886431509581 1 2.0
10.23292992280754 31.622776601683796 1 2.0
10.23292992280754 39.81071705534973 1 2.0
10.23292992280754 50.11872336272725 1 2.0
10.23292992280754 63.09573444801933 1 2.0
10.23292992280754 79.43282347242817 1 2.0
10.23292992280754 100.0 1 2.0
10.23292992280754 125.89254117941675 1 2.0
10.23292992280754 158.48931924611142 1 2.0
10.23292992280754 199.52623149688807 1 2.0
10.23292992280754 251.18864315095823 1 2.0
10.23292992280754 316.227766016838 1 2.0
10.23292992280754 398.1071705534973 1 2.0
10.23292992280754 501.18723362727246 1 2.0
10.23292992280754 630.9573444801937 1 2.0
10.23292992280754 794.3282347242822 1 2.0
10.23292992280754 1000.0 1 2.0
10.23292992280754 1258.9254117941675 1 2.0
10.23292992280754 1584.893192461114 1 2.0
10.23292992280754 1995.262314968881 1 2.0
10.23292992280754 2511.886431509582 1 2.0
10.23292992280754 3162.2776601683795 4 
10.23292992280754 3981.071705534973 4 
10.23292992280754 5011.872336272725 4 
10.23292992280754 6309.573444801937 4 
10.23292992280754 7943.282347242822 4 
10.471285480508996 1.0 0 1.0
10.471285480508996 1.2589254117941673 0 1.0
10.471285480508996 1.5848931924611136 0 1.0
10.471285480508996 1.99526231496888 0 1.0
10.471285480508996 2.51188643150958 0 1.0
10.471285480508996 3.1622776601683795 0 1.0
10.471285480508996 3.981071705534973 0 1.0
10.471285480508996 5.011872336272724 0 1.0
10.471285480508996 6.309573444801933 0 1.0
10.471285480508996 7.943282347242816 0 1.0
10.471285480508996 10.0 0 1.0
10.471285480508996 12.589254117941676 1 2.0
10.471285480508996 15.848931924611142 1 2.0
10.471285480508996 19.9526231496888 1 2.0
10.471285480508996 25.11886431509581 1 2.0
10.471285480508996 31.622776601683796 1 2.0
10.471285480508996 39.81071705534973 1 2.0
10.471285480508996 50.11872336272725 1 2.0
10.471285480508996 63.09573444801933 1 2.0
10.471285480508996 79.43282347242817 1 2.0
10.471285480508996 100.0 1 2.0
10.471285480508996 125.89254117941675 1 2.0
10.471285480508996 158.48931924611142 1 2.0
10.471285480508996 199.52623149688807 1 2.0
10.471285480508996 251.18864315095823 1 2.0
10.471285480508996 316.227766016838 1 2.0
10.471285480508996 398.1071705534973 1 2.0
10.471285480508996 501.18723362727246 1 2.0
10.471285480508996 630.9573444801937 1 2.0
10.471285480508996 794.3282347242822 1 2.0
10.471285480508996 1000.0 1 2.0
10.471285480508996 1258.9254117941675 1 2.0
10.471285480508996 1584.893192461114 1 2.0
10.471285480508996 1995.262314968881 1 2.0
10.471285480508996 2511.886431509582 1 2.0
10.471285480508996 3162.2776601683795 4 
10.471285480508996 3981.071705534973 4 
10.471285480508996 5011.872336272725 4 
10.471285480508996 6309.573444801937 4 
10.471285480508996 7943.282347242822 4 
10.715193052376064 1.0 0 1.0
10.715193052376064 1.2589254117941673 0 1.0
10.715193052376064 1.5848931924611136 0 1.0
10.715193052376064 1.99526231496888 0 1.0
10.715193052376064 2.51188643150958 0 1.0
10.715193052376064 3.1622776601683795 0 1.0
10.715193052376064 3.981071705534973 0 1.0
10.715193052376064 5.011872336272724 0 1.0
10.715193052376064 6.309573444801933 0 1.0
10.715193052376064 7.943282347242816 0 1.0
10.715193052376064 10.0 0 1.0
10.715193052376064 12.589254117941676 1 2.0
10.715193052376064 15.848931924611142 1 2.0
10.715193052376064 19.9526231496888 1 2.0
10.715193052376064 25.11886431509581 1 2.0
10.715193052376064 31.622776601683796 1 2.0
10.715193052376064 39.81071705534973 1 2.0
10.715193052376064 50.11872336272725 1 2.0
10.715193052376064 63.09573444801933 1 2.0
10.715193052376064 79.43282347242817 1 2.0
10.715193052376064 100.0 1 2.0
10.715193052376064 125.89254117941675 1 2.0
10.715193052376064 158.48931924611142 1 2.0
10.715193052376064 199.52623149688807 1 2.0
10.715193052376064 251.18864315095823 1 2.0
10.715193052376064 316.227766016838 1 2.0
10.715193052376064 398.1071705534973 1 2.0
10.715193052376064 501.18723362727246 1 2.0
10.715193052376064 630.9573444801937 1 2.0
10.715193052376064 794.3282347242822 1 2.0
10.715193052376064 1000.0 1 2.0
10.715193052376064 1258.9254117941675 1 2.0
10.715193052376064 1584.893192461114 1 2.0
10.715193052376064 1995.262314968881 1 2.0
10.715193052376064 2511.886431509582 1 2.0
10.715193052376064 3162.2776601683795 4 
10.715193052376064 3981.071705534973 4 
10.715193052376064 5011.872336272725 4 
10.715193052376064 6309.573444801937 4 
10.715193052376064 7943.282347242822 4 
10.964781961431852 1.0 0 1.0
10.964781961431852 1.2589254117941673 0 1.0
10.964781961431852 1.5848931924611136 0 1.0
10.964781961431852 1.99526231496888 0 1.0
10.964781961431852 2.51188643150958 0 1.0
10.964781961431852 3.1622776601683795 0 1.0
10.964781961431852 3.981071705534973 0 1.0
10.964781961431852 5.011872336272724 0 1.0
10.964781961431852 6.309573444801933 0 1.0
10.964781961431852 7.943282347242816 0 1.0
10.964781961431852 10.0 0 1.0
10.964781961431852 12.589254117941676 1 2.0
10.964781961431852 15.848931924611142 1 2.0
10.964781961431852 19.9526231496888 1 2.0
10.964781961431852 25.11886431509581 1 2.0
10.964781961431852 31.622776601683796 1 2.0
10.964781961431852 39.81071705534973 1 2.0
10.964781961431852 50.11872336272725 1 2.0
10.964781961431852 63.09573444801933 1 2.0
10.964781961431852 79.43282347242817 1 2.0
10.964781961431852 100.0 1 2.0
10.964781961431852 125.89254117941675 1 2.0
10.964781961431852 158.48931924611142 1 2.0
10.964781961431852 199.52623149688807 1 2.0
10.964781961431852 251.18864315095823 1 2.0
10.964781961431852 316.227766016838 1 2.0
10.964781961431852 398.1071705534973 1 2.0
10.964781961431852 501.18723362727246 1 2.0
10.964781961431852 630.9573444801937 1 2.0
10.964781961431852 794.3282347242822 1 2.0
10.964781961431852 1000.0 1 2.0
10.964781961431852 1258.9254117941675 1 2.0
10.964781961431852 1584.893192461114 1 2.0
10.964781961431852 1995.262314968881 1 2.0
10.964781961431852 2511.886431509582 1 2.0
10.964781961431852 3162.2776601683795 4 
10.964781961431852 3981.071705534973 4 
10.964781961431852 5011.872336272725 4 
10.964781961431852 6309.573444801937 4 
10.964781961431852 7943.282347242822 4 
11.220184543019636 1.0 0 1.0
11.220184543019636 1.2589254117941673 0 1.0
11.220184543019636 1.5848931924611136 0 1.0
11.220184543019636 1.99526231496888 0 1.0
11.220184543019636 2.51188643150958 0 1.0
11.220184543019636 3.1622776601683795 0 1.0
11.220184543019636 3.981071705534973 0 1.0
11.220184543019636 5.011872336272724 0 1.0
11.220184543019636 6.309573444801933 0 1.0
11.220184543019636 7.943282347242816 0 1.0
11.220184543019636 10.0 0 1.0
11.220184543019636 12.589254117941676 1 2.0
11.220184543019636 15.848931924611142 1 2.0
11.220184543019636 19.9526231496888 1 2.0
11.220184543019636 25.11886431509581 1 2.0
11.220184543019636 31.622776601683796 1 2.0
11.220184543019636 39.81071705534973 1 2.0
11.220184543019636 50.11872336272725 1 2.0
11.220184543019636 63.09573444801933 1 2.0
11.220184543019636 79.43282347242817 1 2.0
11.220184543019636 100.0 1 2.0
11.220184543019636 125.89254117941675 1 2.0
11.220184543019636 158.48931924611142 1 2.0
11.220184543019636 199.52623149688807 1 2.0
11.220184543019636 251.18864315095823 1 2.0
11.220184543019636 316.227766016838 1 2.0
11.220184543019636 398.1071705534973 1 2.0
11.220184543019636 501.18723362727246 1 2.0
11.220184543019636 630.9573444801937 1 2.0
11.220184543019636 794.3282347242822 1 2.0
11.220184543019636 1000.0 1 2.0
11.220184543019636 1258.9254117941675 1 2.0
11.220184543019636 1584.893192461114 1 2.0
11.220184543019636 1995.262314968881 1 2.0
11.220184543019636 2511.886431509582 1 2.0
11.220184543019636 3162.2776601683795 4 
11.220184543019636 3981.071705534973 4 
11.220184543019636 5011.872336272725 4 
11.220184543019636 6309.573444801937 4 
11.220184543019636 7943.282347242822 4 
11.481536214968829 1.0 0 1.0
11.481536214968829 1.2589254117941673 0 1.0
11.481536214968829 1.5848931924611136 0 1.0
11.481536214968829 1.99526231496888 0 1.0
11.481536214968829 2.51188643150958 0 1.0
11.481536214968829 3.1622776601683795 0 1.0
11.481536214968829 3.981071705534973 0 1.0
11.481536214968829 5.011872336272724 0 1.0
11.481536214968829 6.309573444801933 0 1.0
11.481536214968829 7.943282347242816 0 1.0
11.481536214968829 10.0 0 1.0
11.481536214968829 12.589254117941676 0 1.0
11.481536214968829 15.848931924611142 1 2.0
11.481536214968829 19.9526231496888 1 2.0
11.481536214968829 25.11886431509581 1 2.0
11.481536214968829 31.622776601683796 1 2.0
11.481536214968829 39.81071705534973 1 2.0
11.481536214968829 50.11872336272725 1 2.0
11.481536214968829 63.09573444801933 1 2.0
11.481536214968829 79.43282347242817 1 2.0
11.481536214968829 100.0 1 2.0
11.481536214968829 125.89254117941675 1 2.0
11.481536214968829 158.48931924611142 1 2.0
11.481536214968829 199.52623149688807 1 2.0
11.481536214968829 251.18864315095823 1 2.0
11.481536214968829 316.227766016838 1 2.0
11.481536214968829 398.1071705534973 1 2.0
11.481536214968829 501.18723362727246 1 2.0
11.481536214968829 630.9573444801937 1 2.0
11.481536214968829 794.3282347242822 1 2.0
11.481536214968829 1000.0 1 2.0
11.481536214968829 1258.9254117941675 1 2.0
11.481536214968829 1584.893192461114 1 2.0
11.481536214968829 1995.262314968881 1 2.0
11.481536214968829 2511.886431509582 1 2.0
11.481536214968829 3162.2776601683795 4 
11.481536214968829 3981.071705534973 4 
11.481536214968829 5011.872336272725 4 
11.481536214968829 6309.573444801937 4 
11.481536214968829 7943.282347242822 4 
11.748975549395295 1.0 0 1.0
11.748975549395295 1.2589254117941673 0 1.0
11.748975549395295 1.5848931924611136 0 1.0
11.748975549395295 1.99526231496888 0 1.0
11.748975549395295 2.51188643150958 0 1.0
11.748975549395295 3.1622776601683795 0 1.0
11.748975549395295 3.981071705534973 0 1.0
11.748975549395295 5.011872336272724 0 1.0
11.748975549395295 6.309573444801933 0 1.0
11.748975549395295 7.943282347242816 0 1.0
11.748975549395295 10.0 0 1.0
11.748975549395295 12.589254117941676 0 1.0
11.748975549395295 15.848931924611142 1 2.0
11.748975549395295 19.9526231496888 1 2.0
11.748975549395295 25.11886431509581 1 2.0
11.748975549395295 31.622776601683796 1 2.0
11.748975549395295 39.81071705534973 1 2.0
11.748975549395295 50.11872336272725 1 2.0
11.748975549395295 63.09573444801933 1 2.0
11.748975549395295 79.43282347242817 1 2.0
11.748975549395295 100.0 1 2.0
11.748975549395295 125.89254117941675 1 2.0
11.748975549395295 158.48931924611142 1 2.0
11.748975549395295 199.52623149688807 1 2.0
11.748975549395295 251.18864315095823 1 2.0
11.748975549395295 316.227766016838 1 2.0
11.748975549395295 398.1071705534973 1 2.0
11.748975549395295 501.18723362727246 1 2.0
11.748975549395295 630.9573444801937 1 2.0
11.748975549395295 794.3282347242822 1 2.0
11.748975549395295 1000.0 1 2.0
11.748975549395295 1258.9254117941675 1 2.0
11.748975549395295 1584.893192461114 1 2.0
11.748975549395295 1995.262314968881 1 2.0
11.748975549395295 2511.886431509582 2 4.0
11.748975549395295 3162.2776601683795 4 
11.748975549395295 3981.071705534973 4 
11.748975549395295 5011.872336272725 4 
11.748975549395295 6309.573444801937 4 
11.748975549395295 7943.282347242822 4 
12.02264434617413 1.0 0 1.0
12.02264434617413 1.2589254117941673 0 1.0
12.02264434617413 1.5848931924611136 0 1.0
12.02264434617413 1.99526231496888 0 1.0
12.02264434617413 2.51188643150958 0 1.0
12.02264434617413 3.1622776601683795 0 1.0
12.02264434617413 3.981071705534973 0 1.0
12.02264434617413 5.011872336272724 0 1.0
12.02264434617413 6.309573444801933 0 1.0
12.02264434617413 7.943282347242816 0 1.0
12.02264434617413 10.0 0 1.0
12.02264434617413 12.589254117941676 0 1.0
12.02264434617413 15.848931924611142 1 2.0
12.02264434617413 19.9526231496888 1 2.0
12.02264434617413 25.11886431509581 1 2.0
12.02264434617413 31.622776601683796 1 2.0
12.02264434617413 39.81071705534973 1 2.0
12.02264434617413 50.11872336272725 1 2.0
12.02264434617413 63.09573444801933 1 2.0
12.02264434617413 79.43282347242817 1 2.0
12.02264434617413 100.0 1 2.0
12.02264434617413 125.89254117941675 1 2.0
12.02264434617413 158.48931924611142 1 2.0
12.02264434617413 199.52623149688807 1 2.0
12.02264434617413 251.18864315095823 1 2.0
12.02264434617413 316.227766016838 1 2.0
12.02264434617413 398.1071705534973 1 2.0
12.02264434617413 501.18723362727246 1 2.0
12.02264434617413 630.9573444801937 1 2.0
12.02264434617413 794.3282347242822 1 2.0
12.02264434617413 1000.0 1 2.0
12.02264434617413 1258.9254117941675 1 2.0
12.02264434617413 1584.893192461114 1 2.0
12.02264434617413 1995.262314968881 1 2.0
12.02264434617413 2511.886431509582 1 2.0
12.02264434617413 3162.2776601683795 4 
12.02264434617413 3981.071705534973 4 
12.02264434617413 5011.872336272725 4 
12.02264434617413 6309.573444801937 4 
12.02264434617413 7943.282347242822 4 
12.302687708123818 1.0 0 1.0
12.302687708123818 1.2589254117941673 0 1.0
12.302687708123818 1.5848931924611136 0 1.0
12.302687708123818 1.99526231496888 0 1.0
12.302687708123818 2.51188643150958 0 1.0
12.302687708123818 3.1622776601683795 0 1.0
12.302687708123818 3.981071705534973 0 1.0
12.302687708123818 5.011872336272724 0 1.0
12.302687708123818 6.309573444801933 0 1.0
12.302687708123818 7.943282347242816 0 1.0
12.302687708123818 10.0 0 1.0
12.302687708123818 12.589254117941676 0 1.0
12.302687708123818 15.848931924611142 1 2.0
12.302687708123818 19.9526231496888 1 2.0
12.302687708123818 25.11886431509581 1 2.0
12.302687708123818 31.622776601683796 1 2.0
12.302687708123818 39.81071705534973 1 2.0
12.302687708123818 50.11872336272725 1 2.0
12.302687708123818 63.09573444801933 1 2.0
12.302687708123818 79.43282347242817 1 2.0
12.302687708123818 100.0 1 2.0
12.302687708123818 125.89254117941675 1 2.0
12.302687708123818 158.48931924611142 1 2.0
12.302687708123818 199.52623149688807 1 2.0
12.302687708123818 251.18864315095823 1 2.0
12.302687708123818 316.227766016838 1 2.0
12.302687708123818 398.1071705534973 1 2.0
12.302687708123818 501.18723362727246 1 2.0
12.302687708123818 630.9573444801937 1 2.0
12.302687708123818 794.3282347242822 1 2.0
12.302687708123818 1000.0 1 2.0
12.302687708123818 1258.9254117941675 1 2.0
12.302687708123818 1584.893192461114 1 2.0
12.302687708123818 1995.262314968881 1 2.0
12.302687708123818 2511.886431509582 1 2.0
12.302687708123818 3162.2776601683795 4 
12.302687708123818 3981.071705534973 4 
12.302687708123818 5011.872336272725 4 
12.302687708123818 6309.573444801937 4 
12.302687708123818 7943.282347242822 4 
12.589254117941676 1.0 0 1.0
12.589254117941676 1.2589254117941673 0 1.0
12.589254117941676 1.5848931924611136 0 1.0
12.589254117941676 1.99526231496888 0 1.0
12.589254117941676 2.51188643150958 0 1.0
12.589254117941676 3.1622776601683795 0 1.0
12.589254117941676 3.981071705534973 0 1.0
12.589254117941676 5.011872336272724 0 1.0
12.589254117941676 6.309573444801933 0 1.0
12.589254117941676 7.943282347242816 0 1.0
12.589254117941676 10.0 0 1.0
12.589254117941676 12.589254117941676 0 1.0
12.589254117941676 15.848931924611142 1 2.0
12.589254117941676 19.9526231496888 1 2.0
12.589254117941676 25.11886431509581 1 2.0
12.589254117941676 31.622776601683796 1 2.0
12.589254117941676 39.81071705534973 1 2.0
12.589254117941676 50.11872336272725 1 2.0
12.589254117941676 63.09573444801933 1 2.0
12.589254117941676 79.43282347242817 1 2.0
12.589254117941676 100.0 1 2.0
12.589254117941676 125.89254117941675 1 2.0
12.589254117941676 158.48931924611142 1 2.0
12.589254117941676 199.52623149688807 1 2.0
12.589254117941676 251.18864315095823 1 2.0
12.589254117941676 316.227766016838 1 2.0
12.589254117941676 398.1071705534973 1 2.0
12.589254117941676 501.18723362727246 1 2.0
12.589254117941676 630.9573444801937 1 2.0
12.589254117941676 794.3282347242822 1 2.0
12.589254117941676 1000.0 1 2.0
12.589254117941676 1258.9254117941675 1 2.0
12.589254117941676 1584.893192461114 1 2.0
12.589254117941676 1995.262314968881 1 2.0
12.589254117941676 2511.886431509582 1 2.0
12.589254117941676 3162.2776601683795 4 
12.589254117941676 3981.071705534973 4 
12.589254117941676 5011.872336272725 4 
12.589254117941676 6309.573444801937 4 
12.589254117941676 7943.282347242822 4 
12.882495516931344 1.0 0 1.0
12.882495516931344 1.2589254117941673 0 1.0
12.882495516931344 1.5848931924611136 0 1.0
12.882495516931344 1.99526231496888 0 1.0
12.882495516931344 2.51188643150958 0 1.0
12.882495516931344 3.1622776601683795 0 1.0
12.882495516931344 3.981071705534973 0 1.0
12.882495516931344 5.011872336272724 0 1.0
12.882495516931344 6.309573444801933 0 1.0
12.882495516931344 7.943282347242816 0 1.0
12.882495516931344 10.0 0 1.0
12.882495516931344 12.589254117941676 0 1.0
12.882495516931344 15.848931924611142 0 1.0
12.882495516931344 19.9526231496888 1 2.0
12.882495516931344 25.11886431509581 1 2.0
12.882495516931344 31.622776601683796 1 2.0
12.882495516931344 39.81071705534973 1 2.0
12.882495516931344 50.11872336272725 1 2.0
12.882495516931344 63.09573444801933 1 2.0
12.882495516931344 79.43282347242817 1 2.0
12.882495516931344 100.0 1 2.0
12.882495516931344 125.89254117941675 1 2.0
12.882495516931344 158.48931924611142 1 2.0
12.882495516931344 199.52623149688807 1 2.0
12.882495516931344 251.18864315095823 1 2.0
12.882495516931344 316.227766016838 1 2.0
12.882495516931344 398.1071705534973 1 2.0
12.882495516931344 501.18723362727246 1 2.0
12.882495516931344 630.9573444801937 1 2.0
12.882495516931344 794.3282347242822 1 2.0
12.882495516931344 1000.0 1 2.0
12.882495516931344 1258.9254117941675 1 2.0
12.882495516931344 1584.893192461114 1 2.0
12.882495516931344 1995.262314968881 1 2.0
12.882495516931344 2511.886431509582 1 2.0
12.882495516931344 3162.2776601683795 4 
12.882495516931344 3981.071705534973 4 
12.882495516931344 5011.872336272725 4 
12.882495516931344 6309.573444801937 4 
12.882495516931344 7943.282347242822 4 
13.182567385564074 1.0 0 1.0
13.182567385564074 1.2589254117941673 0 1.0
13.182567385564074 1.5848931924611136 0 1.0
13.182567385564074 1.99526231496888 0 1.0
13.182567385564074 2.51188643150958 0 1.0
13.182567385564074 3.1622776601683795 0 1.0
13.182567385564074 3.981071705534973 0 1.0
13.182567385564074 5.011872336272724 0 1.0
13.182567385564074 6.309573444801933 0 1.0
13.182567385564074 7.943282347242816 0 1.0
13.182567385564074 10.0 0 1.0
13.182567385564074 12.589254117941676 0 1.0
13.182567385564074 15.848931924611142 0 1.0
13.182567385564074 19.9526231496888 1 2.0
13.182567385564074 25.11886431509581 1 2.0
13.182567385564074 31.622776601683796 1 2.0
13.182567385564074 39.81071705534973 1 2.0
13.182567385564074 50.11872336272725 1 2.0
13.182567385564074 63.09573444801933 1 2.0
13.182567385564074 79.43282347242817 1 2.0
13.182567385564074 100.0 1 2.0
13.182567385564074 125.89254117941675 1 2.0
13.182567385564074 158.48931924611142 1 2.0
13.182567385564074 199.52623149688807 1 2.0
13.182567385564074 251.18864315095823 1 2.0
13.182567385564074 316.227766016838 1 2.0
13.182567385564074 398.1071705534973 1 2.0
13.182567385564074 501.18723362727246 1 2.0
13.182567385564074 630.9573444801937 1 2.0
13.182567385564074 794.3282347242822 1 2.0
13.182567385564074 1000.0 1 2.0
13.182567385564074 1258.9254117941675 1 2.0
13.182567385564074 1584.893192461114 1 2.0
13.182567385564074 1995.262314968881 1 2.0
13.182567385564074 2511.886431509582 1 2.0
13.182567385564074 3162.2776601683795 4 
13.182567385564074 3981.071705534973 4 
13.182567385564074 5011.872336272725 4 
13.182567385564074 6309.573444801937 4 
13.182567385564074 7943.282347242822 4 
13.48962882591654 1.0 0 1.0
13.48962882591654 1.2589254117941673 0 1.0
13.48962882591654 1.5848931924611136 0 1.0
13.48962882591654 1.99526231496888 0 1.0
13.48962882591654 2.51188643150958 0 1.0
13.48962882591654 3.1622776601683795 0 1.0
13.48962882591654 3.981071705534973 0 1.0
13.48962882591654 5.011872336272724 0 1.0
13.48962882591654 6.309573444801933 0 1.0
13.48962882591654 7.943282347242816 0 1.0
13.48962882591654 10.0 0 1.0
13.48962882591654 12.589254117941676 0 1.0
13.48962882591654 15.848931924611142 0 1.0
13.48962882591654 19.9526231496888 1 2.0
13.48962882591654 25.11886431509581 1 2.0
13.48962882591654 31.622776601683796 1 2.0
13.48962882591654 39.81071705534973 1 2.0
13.48962882591654 50.11872336272725 1 2.0
13.48962882591654 63.09573444801933 1 2.0
13.48962882591654 79.43282347242817 1 2.0
13.48962882591654 100.0 1 2.0
13.48962882591654 125.89254117941675 1 2.0
13.48962882591654 158.48931924611142 1 2.0
13.48962882591654 199.52623149688807 1 2.0
13.48962882591654 251.18864315095823 1 2.0
13.48962882591654 316.227766016838 1 2.0
13.48962882591654 398.1071705534973 1 2.0
13.48962882591654 501.18723362727246 1 2.0
13.48962882591654 630.9573444801937 1 2.0
13.48962882591654 794.3282347242822 1 2.0
13.48962882591654 1000.0 1 2.0
13.48962882591654 1258.9254117941675 1 2.0
13.48962882591654 1584.893192461114 1 2.0
13.48962882591654 1995.262314968881 1 2.0
13.48962882591654 2511.886431509582 1 2.0
13.48962882591654 3162.2776601683795 4 
13.48962882591654 3981.071705534973 4 
13.48962882591654 5011.872336272725 4 
13.48962882591654 6309.573444801937 4 
13.48962882591654 7943.282347242822 4 
13.803842646028851 1.0 0 1.0
13.803842646028851 1.2589254117941673 0 1.0
13.803842646028851 1.5848931924611136 0 1.0
13.803842646028851 1.99526231496888 0 1.0
13.803842646028851 2.51188643150958 0 1.0
13.803842646028851 3.1622776601683795 0 1.0
13.803842646028851 3.981071705534973 0 1.0
13.803842646028851 5.011872336272724 0 1.0
13.803842646028851 6.309573444801933 0 1.0
13.803842646028851 7.943282347242816 0 1.0
13.803842646028851 10.0 0 1.0
13.803842646028851 12.589254117941676 0 1.0
13.803842646028851 15.848931924611142 0 1.0
13.803842646028851 19.9526231496888 1 2.0
13.803842646028851 25.11886431509581 1 2.0
13.803842646028851 31.622776601683796 1 2.0
13.803842646028851 39.81071705534973 1 2.0
13.803842646028851 50.11872336272725 1 2.0
13.803842646028851 63.09573444801933 1 2.0
13.803842646028851 79.43282347242817 1 2.0
13.803842646028851 100.0 1 2.0
13.803842646028851 125.89254117941675 1 2.0
13.803842646028851 158.48931924611142 1 2.0
13.803842646028851 199.52623149688807 1 2.0
13.803842646028851 251.18864315095823 1 2.0
13.803842646028851 316.227766016838 1 2.0
13.803842646028851 398.1071705534973 1 2.0
13.803842646028851 501.18723362727246 1 2.0
13.803842646028851 630.9573444801937 1 2.0
13.803842646028851 794.3282347242822 1 2.0
13.803842646028851 1000.0 1 2.0
13.803842646028851 1258.9254117941675 1 2.0
13.803842646028851 1584.893192461114 1 2.0
13.803842646028851 1995.262314968881 1 2.0
13.803842646028851 2511.886431509582 1 2.0
13.803842646028851 3162.2776601683795 4 
13.803842646028851 3981.071705534973 4 
13.803842646028851 5011.872336272725 4 
13.803842646028851 6309.573444801937 4 
13.803842646028851 7943.282347242822 4 
14.125375446227547 1.0 0 1.0
14.125375446227547 1.2589254117941673 0 1.0
14.125375446227547 1.5848931924611136 0 1.0
14.125375446227547 1.99526231496888 0 1.0
14.125375446227547 2.51188643150958 0 1.0
14.125375446227547 3.1622776601683795 0 1.0
14.125375446227547 3.981071705534973 0 1.0
14.125375446227547 5.011872336272724 0 1.0
14.125375446227547 6.309573444801933 0 1.0
14.125375446227547 7.943282347242816 0 1.0
14.125375446227547 10.0 0 1.0
14.125375446227547 12.589254117941676 0 1.0
14.125375446227547 15.848931924611142 0 1.0
14.125375446227547 19.9526231496888 1 2.0
14.125375446227547 25.11886431509581 1 2.0
14.125375446227547 31.622776601683796 1 2.0
14.125375446227547 39.81071705534973 1 2.0
14.125375446227547 50.11872336272725 1 2.0
14.125375446227547 63.09573444801933 1 2.0
14.125375446227547 79.43282347242817 1 2.0
14.125375446227547 100.0 1 2.0
14.125375446227547 125.89254117941675 1 2.0
14.125375446227547 158.48931924611142 1 2.0
14.125375446227547 199.52623149688807 1 2.0
14.125375446227547 251.18864315095823 1 2.0
14.125375446227547 316.227766016838 1 2.0
14.125375446227547 398.1071705534973 1 2.0
14.125375446227547 501.18723362727246 1 2.0
14.125375446227547 630.9573444801937 1 2.0
14.125375446227547 794.3282347242822 1 2.0
14.125375446227547 1000.0 1 2.0
14.125375446227547 1258.9254117941675 1 2.0
14.125375446227547 1584.893192461114 1 2.0
14.125375446227547 1995.262314968881 1 2.0
14.125375446227547 2511.886431509582 1 2.0
14.125375446227547 3162.2776601683795 4 
14.125375446227547 3981.071705534973 4 
14.125375446227547 5011.872336272725 4 
14.125375446227547 6309.573444801937 4 
14.125375446227547 7943.282347242822 4 
14.45439770745928 1.0 0 1.0
14.45439770745928 1.2589254117941673 0 1.0
14.45439770745928 1.5848931924611136 0 1.0
14.45439770745928 1.99526231496888 0 1.0
14.45439770745928 2.51188643150958 0 1.0
14.45439770745928 3.1622776601683795 0 1.0
14.45439770745928 3.981071705534973 0 1.0
14.45439770745928 5.011872336272724 0 1.0
14.45439770745928 6.309573444801933 0 1.0
14.45439770745928 7.943282347242816 0 1.0
14.45439770745928 10.0 0 1.0
14.45439770745928 12.589254117941676 0 1.0
14.45439770745928 15.848931924611142 0 1.0
14.45439770745928 19.9526231496888 0 1.0
14.45439770745928 25.11886431509581 1 2.0
14.45439770745928 31.622776601683796 1 2.0
14.45439770745928 39.81071705534973 1 2.0
14.45439770745928 50.11872336272725 1 2.0
14.45439770745928 63.09573444801933 1 2.0
14.45439770745928 79.43282347242817 1 2.0
14.45439770745928 100.0 1 2.0
14.45439770745928 125.89254117941675 1 2.0
14.45439770745928 158.48931924611142 1 2.0
14.45439770745928 199.52623149688807 1 2.0
14.45439770745928 251.18864315095823 1 2.0
14.45439770745928 316.227766016838 1 2.0
14.45439770745928 398.1071705534973 1 2.0
14.45439770745928 501.18723362727246 1 2.0
14.45439770745928 630.9573444801937 1 2.0
14.45439770745928 794.3282347242822 1 2.0
14.45439770745928 1000.0 1 2.0
14.45439770745928 1258.9254117941675 1 2.0
14.45439770745928 1584.893192461114 1 2.0
14.45439770745928 1995.262314968881 1 2.0
14.45439770745928 2511.886431509582 1 2.0
14.45439770745928 3162.2776601683795 4 
14.45439770745928 3981.071705534973 4 
14.45439770745928 5011.872336272725 4 
14.45439770745928 6309.573444801937 4 
14.45439770745928 7943.282347242822 4 
14.79108388168208 1.0 0 1.0
14.79108388168208 1.2589254117941673 0 1.0
14.79108388168208 1.5848931924611136 0 1.0
14.79108388168208 1.99526231496888 0 1.0
14.79108388168208 2.51188643150958 0 1.0
14.79108388168208 3.1622776601683795 0 1.0
14.79108388168208 3.981071705534973 0 1.0
14.79108388168208 5.011872336272724 0 1.0
14.79108388168208 6.309573444801933 0 1.0
14.79108388168208 7.943282347242816 0 1.0
14.79108388168208 10.0 0 1.0
14.79108388168208 12.589254117941676 0 1.0
14.79108388168208 15.848931924611142 0 1.0
14.79108388168208 19.9526231496888 0 1.0
14.79108388168208 25.11886431509581 1 2.0
14.79108388168208 31.622776601683796 1 2.0
14.79108388168208 39.81071705534973 1 2.0
14.79108388168208 50.11872336272725 1 2.0
14.79108388168208 63.09573444801933 1 2.0
14.79108388168208 79.43282347242817 1 2.0
14.79108388168208 100.0 1 2.0
14.79108388168208 125.89254117941675 1 2.0
14.79108388168208 158.48931924611142 1 2.0
14.79108388168208 199.52623149688807 1 2.0
14.79108388168208 251.18864315095823 1 2.0
14.79108388168208 316.227766016838 1 2.0
14.79108388168208 398.1071705534973 1 2.0
14.79108388168208 501.18723362727246 1 2.0
14.79108388168208 630.9573444801937 1 2.0
14.79108388168208 794.3282347242822 1 2.0
14.79108388168208 1000.0 1 2.0
14.79108388168208 1258.9254117941675 1 2.0
14.79108388168208 1584.893192461114 1 2.0
14.79108388168208 1995.262314968881 1 2.0
14.79108388168208 2511.886431509582 1 2.0
14.79108388168208 3162.2776601683795 4 
14.79108388168208 3981.071705534973 4 
14.79108388168208 5011.872336272725 4 
14.79108388168208 6309.573444801937 4 
14.79108388168208 7943.282347242822 4 
15.135612484362088 1.0 0 1.0
15.135612484362088 1.2589254117941673 0 1.0
15.135612484362088 1.5848931924611136 0 1.0
15.135612484362088 1.99526231496888 0 1.0
15.135612484362088 2.51188643150958 0 1.0
15.135612484362088 3.1622776601683795 0 1.0
15.135612484362088 3.981071705534973 0 1.0
15.135612484362088 5.011872336272724 0 1.0
15.135612484362088 6.309573444801933 0 1.0
15.135612484362088 7.943282347242816 0 1.0
15.135612484362088 10.0 0 1.0
15.135612484362088 12.589254117941676 0 1.0
15.135612484362088 15.848931924611142 0 1.0
15.135612484362088 19.9526231496888 0 1.0
15.135612484362088 25.11886431509581 1 2.0
15.135612484362088 31.622776601683796 1 2.0
15.135612484362088 39.81071705534973 1 2.0
15.135612484362088 50.11872336272725 1 2.0
15.135612484362088 63.09573444801933 1 2.0
15.135612484362088 79.43282347242817 1 2.0
15.135612484362088 100.0 1 2.0
15.135612484362088 125.89254117941675 1 2.0
15.135612484362088 158.48931924611142 1 2.0
15.135612484362088 199.52623149688807 1 2.0
15.135612484362088 251.18864315095823 1 2.0
15.135612484362088 316.227766016838 1 2.0
15.135612484362088 398.1071705534973 1 2.0
15.135612484362088 501.18723362727246 1 2.0
15.135612484362088 630.9573444801937 1 2.0
15.135612484362088 794.3282347242822 1 2.0
15.135612484362088 1000.0 1 2.0
15.135612484362088 1258.9254117941675 1 2.0
15.135612484362088 1584.893192461114 1 2.0
15.135612484362088 1995.262314968881 1 2.0
15.135612484362088 2511.886431509582 1 2.0
15.135612484362088 3162.2776601683795 4 
15.135612484362088 3981.071705534973 4 
15.135612484362088 5011.872336272725 4 
15.135612484362088 6309.573444801937 4 
15.135612484362088 7943.282347242822 4 
15.48816618912482 1.0 0 1.0
15.48816618912482 1.2589254117941673 0 1.0
15.48816618912482 1.5848931924611136 0 1.0
15.48816618912482 1.99526231496888 0 1.0
15.48816618912482 2.51188643150958 0 1.0
15.48816618912482 3.1622776601683795 0 1.0
15.48816618912482 3.981071705534973 0 1.0
15.48816618912482 5.011872336272724 0 1.0
15.48816618912482 6.309573444801933 0 1.0
15.48816618912482 7.943282347242816 0 1.0
15.48816618912482 10.0 0 1.0
15.48816618912482 12.589254117941676 0 1.0
15.48816618912482 15.848931924611142 0 1.0
15.48816618912482 19.9526231496888 0 1.0
15.48816618912482 25.11886431509581 1 2.0
15.48816618912482 31.622776601683796 1 2.0
15.48816618912482 39.81071705534973 1 2.0
15.48816618912482 50.11872336272725 1 2.0
15.48816618912482 63.09573444801933 1 2.0
15.48816618912482 79.43282347242817 1 2.0
15.48816618912482 100.0 1 2.0
15.48816618912482 125.89254117941675 1 2.0
15.48816618912482 158.48931924611142 1 2.0
15.48816618912482 199.52623149688807 1 2.0
15.48816618912482 251.18864315095823 1 2.0
15.48816618912482 316.227766016838 1 2.0
15.48816618912482 398.1071705534973 1 2.0
15.48816618912482 501.18723362727246 1 2.0
15.48816618912482 630.9573444801937 1 2.0
15.48816618912482 794.3282347242822 1 2.0
15.48816618912482 1000.0 1 2.0
15.48816618912482 1258.9254117941675 1 2.0
15.48816618912482 1584.893192461114 1 2.0
15.48816618912482 1995.262314968881 1 2.0
15.48816618912482 2511.886431509582 1 2.0
15.48816618912482 3162.2776601683795 4 
15.48816618912482 3981.071705534973 4 
15.48816618912482 5011.872336272725 4 
15.48816618912482 6309.573444801937 4 
15.48816618912482 7943.282347242822 4 
15.848931924611142 1.0 0 1.0
15.848931924611142 1.2589254117941673 0 1.0
15.848931924611142 1.5848931924611136 0 1.0
15.848931924611142 1.99526231496888 0 1.0
15.848931924611142 2.51188643150958 0 1.0
15.848931924611142 3.1622776601683795 0 1.0
15.848931924611142 3.981071705534973 0 1.0
15.848931924611142 5.011872336272724 0 1.0
15.848931924611142 6.309573444801933 0 1.0
15.848931924611142 7.943282347242816 0 1.0
15.848931924611142 10.0 0 1.0
15.848931924611142 12.589254117941676 0 1.0
15.848931924611142 15.848931924611142 0 1.0
15.848931924611142 19.9526231496888 0 1.0
15.848931924611142 25.11886431509581 1 2.0
15.848931924611142 31.622776601683796 1 2.0
15.848931924611142 39.81071705534973 1 2.0
15.848931924611142 50.11872336272725 1 2.0
15.848931924611142 63.09573444801933 1 2.0
15.848931924611142 79.43282347242817 1 2.0
15.848931924611142 100.0 1 2.0
15.848931924611142 125.89254117941675 1 2.0
15.848931924611142 158.48931924611142 1 2.0
15.848931924611142 199.52623149688807 1 2.0
15.848931924611142 251.18864315095823 1 2.0
15.848931924611142 316.227766016838 1 2.0
15.848931924611142 398.1071705534973 1 2.0
15.848931924611142 501.18723362727246 1 2.0
15.848931924611142 630.9573444801937 1 2.0
15.848931924611142 794.3282347242822 1 2.0
15.848931924611142 1000.0 1 2.0
15.848931924611142 1258.9254117941675 1 2.0
15.848931924611142 1584.893192461114 1 2.0
15.848931924611142 1995.262314968881 1 2.0
15.848931924611142 2511.886431509582 1 2.0
15.848931924611142 3162.2776601683795 4 
15.848931924611142 3981.071705534973 4 
15.848931924611142 5011.872336272725 4 
15.848931924611142 6309.573444801937 4 
15.848931924611142 7943.282347242822 4 
16.21810097358931 1.0 0 1.0
16.21810097358931 1.2589254117941673 0 1.0
16.21810097358931 1.5848931924611136 0 1.0
16.21810097358931 1.99526231496888 0 1.0
16.21810097358931 2.51188643150958 0 1.0
16.21810097358931 3.1622776601683795 0 1.0
16.21810097358931 3.981071705534973 0 1.0
16.21810097358931 5.011872336272724 0 1.0
16.21810097358931 6.309573444801933 0 1.0
16.21810097358931 7.943282347242816 0 1.0
16.21810097358931 10.0 0 1.0
16.21810097358931 12.589254117941676 0 1.0
16.21810097358931 15.848931924611142 0 1.0
16.21810097358931 19.9526231496888 0 1.0
16.21810097358931 25.11886431509581 0 1.0
16.21810097358931 31.622776601683796 1 2.0
16.21810097358931 39.81071705534973 1 2.0
16.21810097358931 50.11872336272725 1 2.0
16.21810097358931 63.09573444801933 1 2.0
16.21810097358931 79.43282347242817 1 2.0
16.21810097358931 100.0 1 2.0
16.21810097358931 125.89254117941675 1 2.0
16.21810097358931 158.48931924611142 1 2.0
16.21810097358931 199.52623149688807 1 2.0
16.21810097358931 251.18864315095823 1 2.0
16.21810097358931 316.227766016838 1 2.0
16.21810097358931 398.1071705534973 1 2.0
16.21810097358931 501.18723362727246 1 2.0
16.21810097358931 630.9573444801937 1 2.0
16.21810097358931 794.3282347242822 1 2.0
16.21810097358931 1000.0 1 2.0
16.21810097358931 1258.9254117941675 1 2.0
16.21810097358931 1584.893192461114 1 2.0
16.21810097358931 1995.262314968881 1 2.0
16.21810097358931 2511.886431509582 1 2.0
16.21810097358931 3162.2776601683795 4 
16.21810097358931 3981.071705534973 4 
16.21810097358931 5011.872336272725 4 
16.21810097358931 6309.573444801937 4 
16.21810097358931 7943.282347242822 4 
16.595869074375614 1.0 0 1.0
16.595869074375614 1.2589254117941673 0 1.0
16.595869074375614 1.5848931924611136 0 1.0
16.595869074375614 1.99526231496888 0 1.0
16.595869074375614 2.51188643150958 0 1.0
16.595869074375614 3.1622776601683795 0 1.0
16.595869074375614 3.981071705534973 0 1.0
16.595869074375614 5.011872336272724 0 1.0
16.595869074375614 6.309573444801933 0 1.0
16.595869074375614 7.943282347242816 0 1.0
16.595869074375614 10.0 0 1.0
16.595869074375614 12.589254117941676 0 1.0
16.595869074375614 15.848931924611142 0 1.0
16.595869074375614 19.9526231496888 0 1.0
16.595869074375614 25.11886431509581 0 1.0
16.595869074375614 31.622776601683796 1 2.0
16.595869074375614 39.81071705534973 1 2.0
16.595869074375614 50.11872336272725 1 2.0
16.595869074375614 63.09573444801933 1 2.0
16.595869074375614 79.43282347242817 1 2.0
16.595869074375614 100.0 1 2.0
16.595869074375614 125.89254117941675 1 2.0
16.595869074375614 158.48931924611142 1 2.0
16.595869074375614 199.52623149688807 1 2.0
16.595869074375614 251.18864315095823 1 2.0
16.595869074375614 316.227766016838 1 2.0
16.595869074375614 398.1071705534973 1 2.0
16.595869074375614 501.18723362727246 1 2.0
16.595869074375614 630.9573444801937 1 2.0
16.595869074375614 794.3282347242822 1 2.0
16.595869074375614 1000.0 1 2.0
16.595869074375614 1258.9254117941675 1 2.0
16.595869074375614 1584.893192461114 1 2.0
16.595869074375614 1995.262314968881 1 2.0
16.595869074375614 2511.886431509582 1 2.0
16.595869074375614 3162.2776601683795 4 
16.595869074375614 3981.071705534973 4 
16.595869074375614 5011.872336272725 4 
16.595869074375614 6309.573444801937 4 
16.595869074375614 7943.282347242822 4 
16.98243652461745 1.0 0 1.0
16.98243652461745 1.2589254117941673 0 1.0
16.98243652461745 1.5848931924611136 0 1.0
16.98243652461745 1.99526231496888 0 1.0
16.98243652461745 2.51188643150958 0 1.0
16.98243652461745 3.1622776601683795 0 1.0
16.98243652461745 3.981071705534973 0 1.0
16.98243652461745 5.011872336272724 0 1.0
16.98243652461745 6.309573444801933 0 1.0
16.98243652461745 7.943282347242816 0 1.0
16.98243652461745 10.0 0 1.0
16.98243652461745 12.589254117941676 0 1.0
16.98243652461745 15.848931924611142 0 1.0
16.98243652461745 19.9526231496888 0 1.0
16.98243652461745 25.11886431509581 0 1.0
16.98243652461745 31.622776601683796 1 2.0
16.98243652461745 39.81071705534973 1 2.0
16.98243652461745 50.11872336272725 1 2.0
16.98243652461745 63.09573444801933 1 2.0
16.98243652461745 79.43282347242817 1 2.0
16.98243652461745 100.0 1 2.0
16.98243652461745 125.89254117941675 1 2.0
16.98243652461745 158.48931924611142 1 2.0
16.98243652461745 199.52623149688807 1 2.0
16.98243652461745 251.18864315095823 1 2.0
16.98243652461745 316.227766016838 1 2.0
16.98243652461745 398.1071705534973 1 2.0
16.98243652461745 501.18723362727246 1 2.0
16.98243652461745 630.9573444801937 1 2.0
16.98243652461745 794.3282347242822 1 2.0
16.98243652461745 1000.0 1 2.0
16.98243652461745 1258.9254117941675 1 2.0
16.98243652461745 1584.893192461114 1 2.0
16.98243652461745 1995.262314968881 1 2.0
16.98243652461745 2511.886431509582 1 2.0
16.98243652461745 3162.2776601683795 4 
16.98243652461745 3981.071705534973 4 
16.98243652461745 5011.872336272725 4 
16.98243652461745 6309.573444801937 4 
16.98243652461745 7943.282347242822 4 
17.378008287493763 1.0 0 1.0
17.378008287493763 1.2589254117941673 0 1.0
17.378008287493763 1.5848931924611136 0 1.0
17.378008287493763 1.99526231496888 0 1.0
17.378008287493763 2.51188643150958 0 1.0
17.378008287493763 3.1622776601683795 0 1.0
17.378008287493763 3.981071705534973 0 1.0
17.378008287493763 5.011872336272724 0 1.0
17.378008287493763 6.309573444801933 0 1.0
17.378008287493763 7.943282347242816 0 1.0
17.378008287493763 10.0 0 1.0
17.378008287493763 12.589254117941676 0 1.0
17.378008287493763 15.848931924611142 0 1.0
17.378008287493763 19.9526231496888 0 1.0
17.378008287493763 25.11886431509581 0 1.0
17.378008287493763 31.622776601683796 1 2.0
17.378008287493763 39.81071705534973 1 2.0
17.378008287493763 50.11872336272725 1 2.0
17.378008287493763 63.09573444801933 1 2.0
17.378008287493763 79.43282347242817 1 2.0
17.378008287493763 100.0 1 2.0
17.378008287493763 125.89254117941675 1 2.0
17.378008287493763 158.48931924611142 1 2.0
17.378008287493763 199.52623149688807 1 2.0
17.378008287493763 251.18864315095823 1 2.0
17.378008287493763 316.227766016838 1 2.0
17.378008287493763 398.1071705534973 1 2.0
17.378008287493763 501.18723362727246 1 2.0
17.378008287493763 630.9573444801937 1 2.0
17.378008287493763 794.3282347242822 1 2.0
17.378008287493763 1000.0 1 2.0
17.378008287493763 1258.9254117941675 1 2.0
17.378008287493763 1584.893192461114 1 2.0
17.378008287493763 1995.262314968881 1 2.0
17.378008287493763 2511.886431509582 1 2.0
17.378008287493763 3162.2776601683795 4 
17.378008287493763 3981.071705534973 4 
17.378008287493763 5011.872336272725 4 
17.378008287493763 6309.573444801937 4 
17.378008287493763 7943.282347242822 4 
17.782794100389236 1.0 0 1.0
17.782794100389236 1.2589254117941673 0 1.0
17.782794100389236 1.5848931924611136 0 1.0
17.782794100389236 1.99526231496888 0 1.0
17.782794100389236 2.51188643150958 0 1.0
17.782794100389236 3.1622776601683795 0 1.0
17.782794100389236 3.981071705534973 0 1.0
17.782794100389236 5.011872336272724 0 1.0
17.782794100389236 6.309573444801933 0 1.0
17.782794100389236 7.943282347242816 0 1.0
17.782794100389236 10.0 0 1.0
17.782794100389236 12.589254117941676 0 1.0
17.782794100389236 15.848931924611142 0 1.0
17.782794100389236 19.9526231496888 0 1.0
17.782794100389236 25.11886431509581 0 1.0
17.782794100389236 31.622776601683796 0 1.0
17.782794100389236 39.81071705534973 1 2.0
17.782794100389236 50.11872336272725 1 2.0
17.782794100389236 63.09573444801933 1 2.0
17.782794100389236 79.43282347242817 1 2.0
17.782794100389236 100.0 1 2.0
17.782794100389236 125.89254117941675 1 2.0
17.782794100389236 158.48931924611142 1 2.0
17.782794100389236 199.52623149688807 1 2.0
17.782794100389236 251.18864315095823 1 2.0
17.782794100389236 316.227766016838 1 2.0
17.782794100389236 398.1071705534973 1 2.0
17.782794100389236 501.18723362727246 1 2.0
17.782794100389236 630.9573444801937 1 2.0
17.782794100389236 794.3282347242822 1 2.0
17.782794100389236 1000.0 1 2.0
17.782794100389236 1258.9254117941675 1 2.0
17.782794100389236 1584.893192461114 1 2.0
17.782794100389236 1995.262314968881 1 2.0
17.782794100389236 2511.886431509582 1 2.0
17.782794100389236 3162.2776601683795 4 
17.782794100389236 3981.071705534973 4 
17.782794100389236 5011.872336272725 4 
17.782794100389236 6309.573444801937 4 
17.782794100389236 7943.282347242822 4 
18.197008586099845 1.0 0 1.0
18.197008586099845 1.2589254117941673 0 1.0
18.197008586099845 1.5848931924611136 0 1.0
18.197008586099845 1.99526231496888 0 1.0
18.197008586099845 2.51188643150958 0 1.0
18.197008586099845 3.1622776601683795 0 1.0
18.197008586099845 3.981071705534973 0 1.0
18.197008586099845 5.011872336272724 0 1.0
18.197008586099845 6.309573444801933 0 1.0
18.197008586099845 7.943282347242816 0 1.0
18.197008586099845 10.0 0 1.0
18.197008586099845 12.589254117941676 0 1.0
18.197008586099845 15.848931924611142 0 1.0
18.197008586099845 19.9526231496888 0 1.0
18.197008586099845 25.11886431509581 0 1.0
18.197008586099845 31.622776601683796 0 1.0
18.197008586099845 39.81071705534973 1 2.0
18.197008586099845 50.11872336272725 1 2.0
18.197008586099845 63.09573444801933 1 2.0
18.197008586099845 79.43282347242817 1 2.0
18.197008586099845 100.0 1 2.0
18.197008586099845 125.89254117941675 1 2.0
18.197008586099845 158.48931924611142 1 2.0
18.197008586099845 199.52623149688807 1 2.0
18.197008586099845 251.18864315095823 1 2.0
18.197008586099845 316.227766016838 1 2.0
18.197008586099845 398.1071705534973 1 2.0
18.197008586099845 501.18723362727246 1 2.0
18.197008586099845 630.9573444801937 1 2.0
18.197008586099845 794.3282347242822 1 2.0
18.197008586099845 1000.0 1 2.0
18.197008586099845 1258.9254117941675 1 2.0
18.197008586099845 1584.893192461114 1 2.0
18.197008586099845 1995.262314968881 1 2.0
18.197008586099845 2511.886431509582 1 2.0
18.197008586099845 3162.2776601683795 4 
18.197008586099845 3981.071705534973 4 
18.197008586099845 5011.872336272725 4 
18.197008586099845 6309.573444801937 4 
18.197008586099845 7943.282347242822 4 
18.620871366628684 1.0 0 1.0
18.620871366628684 1.2589254117941673 0 1.0
18.620871366628684 1.5848931924611136 0 1.0
18.620871366628684 1.99526231496888 0 1.0
18.620871366628684 2.51188643150958 0 1.0
18.620871366628684 3.1622776601683795 0 1.0
18.620871366628684 3.981071705534973 0 1.0
18.620871366628684 5.011872336272724 0 1.0
18.620871366628684 6.309573444801933 0 1.0
18.620871366628684 7.943282347242816 0 1.0
18.620871366628684 10.0 0 1.0
18.620871366628684 12.589254117941676 0 1.0
18.620871366628684 15.848931924611142 0 1.0
18.620871366628684 19.9526231496888 0 1.0
18.620871366628684 25.11886431509581 0 1.0
18.620871366628684 31.622776601683796 0 1.0
18.620871366628684 39.81071705534973 1 2.0
18.620871366628684 50.11872336272725 1 2.0
18.620871366628684 63.09573444801933 1 2.0
18.620871366628684 79.43282347242817 1 2.0
18.620871366628684 100.0 1 2.0
18.620871366628684 125.89254117941675 1 2.0
18.620871366628684 158.48931924611142 1 2.0
18.620871366628684 199.52623149688807 1 2.0
18.620871366628684 251.18864315095823 1 2.0
18.620871366628684 316.227766016838 1 2.0
18.620871366628684 398.1071705534973 1 2.0
18.620871366628684 501.18723362727246 1 2.0
18.620871366628684 630.9573444801937 1 2.0
18.620871366628684 794.3282347242822 1 2.0
18.620871366628684 1000.0 1 2.0
18.620871366628684 1258.9254117941675 1 2.0
18.620871366628684 1584.893192461114 1 2.0
18.620871366628684 1995.262314968881 1 2.0
18.620871366628684 2511.886431509582 1 2.0
18.620871366628684 3162.2776601683795 4 
18.620871366628684 3981.071705534973 4 
18.620871366628684 5011.872336272725 4 
18.620871366628684 6309.573444801937 4 
18.620871366628684 7943.282347242822 4 
19.054607179632484 1.0 0 1.0
19.054607179632484 1.2589254117941673 0 1.0
19.054607179632484 1.5848931924611136 0 1.0
19.054607179632484 1.99526231496888 0 1.0
19.054607179632484 2.51188643150958 0 1.0
19.054607179632484 3.1622776601683795 0 1.0
19.054607179632484 3.981071705534973 0 1.0
19.054607179632484 5.011872336272724 0 1.0
19.054607179632484 6.309573444801933 0 1.0
19.054607179632484 7.943282347242816 0 1.0
19.054607179632484 10.0 0 1.0
19.054607179632484 12.589254117941676 0 1.0
19.054607179632484 15.848931924611142 0 1.0
19.054607179632484 19.9526231496888 0 1.0
19.054607179632484 25.11886431509581 0 1.0
19.054607179632484 31.622776601683796 0 1.0
19.054607179632484 39.81071705534973 0 1.0
19.054607179632484 50.11872336272725 1 2.0
19.054607179632484 63.09573444801933 1 2.0
19.054607179632484 79.43282347242817 1 2.0
19.054607179632484 100.0 1 2.0
19.054607179632484 125.89254117941675 1 2.0
19.054607179632484 158.48931924611142 1 2.0
19.054607179632484 199.52623149688807 1 2.0
19.054607179632484 251.18864315095823 1 2.0
19.054607179632484 316.227766016838 1 2.0
19.054607179632484 398.1071705534973 1 2.0
19.054607179632484 501.18723362727246 1 2.0
19.054607179632484 630.9573444801937 1 2.0
19.054607179632484 794.3282347242822 1 2.0
19.054607179632484 1000.0 1 2.0
19.054607179632484 1258.9254117941675 1 2.0
19.054607179632484 1584.893192461114 1 2.0
19.054607179632484 1995.262314968881 1 2.0
19.054607179632484 2511.886431509582 1 2.0
19.054607179632484 3162.2776601683795 4 
19.054607179632484 3981.071705534973 4 
19.054607179632484 5011.872336272725 4 
19.054607179632484 6309.573444801937 4 
19.054607179632484 7943.282347242822 4 
19.498445997580465 1.0 0 1.0
19.498445997580465 1.2589254117941673 0 1.0
19.498445997580465 1.5848931924611136 0 1.0
19.498445997580465 1.99526231496888 0 1.0
19.498445997580465 2.51188643150958 0 1.0
19.498445997580465 3.1622776601683795 0 1.0
19.498445997580465 3.981071705534973 0 1.0
19.498445997580465 5.011872336272724 0 1.0
19.498445997580465 6.309573444801933 0 1.0
19.498445997580465 7.943282347242816 0 1.0
19.498445997580465 10.0 0 1.0
19.498445997580465 12.589254117941676 0 1.0
19.498445997580465 15.848931924611142 0 1.0
19.498445997580465 19.9526231496888 0 1.0
19.498445997580465 25.11886431509581 0 1.0
19.498445997580465 31.622776601683796 0 1.0
19.498445997580465 39.81071705534973 0 1.0
19.498445997580465 50.11872336272725 1 2.0
19.498445997580465 63.09573444801933 1 2.0
19.498445997580465 79.43282347242817 1 2.0
19.498445997580465 100.0 1 2.0
19.498445997580465 125.89254117941675 1 2.0
19.498445997580465 158.48931924611142 1 2.0
19.498445997580465 199.52623149688807 1 2.0
19.498445997580465 251.18864315095823 1 2.0
19.498445997580465 316.227766016838 1 2.0
19.498445997580465 398.1071705534973 1 2.0
19.498445997580465 501.18723362727246 1 2.0
19.498445997580465 630.9573444801937 1 2.0
19.498445997580465 794.3282347242822 1 2.0
19.498445997580465 1000.0 1 2.0
19.498445997580465 1258.9254117941675 1 2.0
19.498445997580465 1584.893192461114 1 2.0
19.498445997580465 1995.262314968881 1 2.0
19.498445997580465 2511.886431509582 1 2.0
19.498445997580465 3162.2776601683795 4 
19.498445997580465 3981.071705534973 4 
19.498445997580465 5011.872336272725 4 
19.498445997580465 6309.573444801937 4 
19.498445997580465 7943.282347242822 4 
19.952623149688808 1.0 0 1.0
19.952623149688808 1.2589254117941673 0 1.0
19.952623149688808 1.5848931924611136 0 1.0
19.952623149688808 1.99526231496888 0 1.0
19.952623149688808 2.51188643150958 0 1.0
19.952623149688808 3.1622776601683795 0 1.0
19.952623149688808 3.981071705534973 0 1.0
19.952623149688808 5.011872336272724 0 1.0
19.952623149688808 6.309573444801933 0 1.0
19.952623149688808 7.943282347242816 0 1.0
19.952623149688808 10.0 0 1.0
19.952623149688808 12.589254117941676 0 1.0
19.952623149688808 15.848931924611142 0 1.0
19.952623149688808 19.9526231496888 0 1.0
19.952623149688808 25.11886431509581 0 1.0
19.952623149688808 31.622776601683796 0 1.0
19.952623149688808 39.81071705534973 0 1.0
19.952623149688808 50.11872336272725 1 2.0
19.952623149688808 63.09573444801933 1 2.0
19.952623149688808 79.43282347242817 1 2.0
19.952623149688808 100.0 1 2.0
19.952623149688808 125.89254117941675 1 2.0
19.952623149688808 158.48931924611142 1 2.0
19.952623149688808 199.52623149688807 1 2.0
19.952623149688808 251.18864315095823 1 2.0
19.952623149688808 316.227766016838 1 2.0
19.952623149688808 398.1071705534973 1 2.0
19.952623149688808 501.18723362727246 1 2.0
19.952623149688808 630.9573444801937 1 2.0
19.952623149688808 794.3282347242822 1 2.0
19.952623149688808 1000.0 1 2.0
19.952623149688808 1258.9254117941675 1 2.0
19.952623149688808 1584.893192461114 1 2.0
19.952623149688808 1995.262314968881 1 2.0
19.952623149688808 2511.886431509582 4 
19.952623149688808 3162.2776601683795 4 
19.952623149688808 3981.071705534973 4 
19.952623149688808 5011.872336272725 4 
19.952623149688808 6309.573444801937 4 
19.952623149688808 7943.282347242822 4 
20.417379446695307 1.0 0 1.0
20.417379446695307 1.2589254117941673 0 1.0
20.417379446695307 1.5848931924611136 0 1.0
20.417379446695307 1.99526231496888 0 1.0
20.417379446695307 2.51188643150958 0 1.0
20.417379446695307 3.1622776601683795 0 1.0
20.417379446695307 3.981071705534973 0 1.0
20.417379446695307 5.011872336272724 0 1.0
20.417379446695307 6.309573444801933 0 1.0
20.417379446695307 7.943282347242816 0 1.0
20.417379446695307 10.0 0 1.0
20.417379446695307 12.589254117941676 0 1.0
20.417379446695307 15.848931924611142 0 1.0
20.417379446695307 19.9526231496888 0 1.0
20.417379446695307 25.11886431509581 0 1.0
20.417379446695307 31.622776601683796 0 1.0
20.417379446695307 39.81071705534973 0 1.0
20.417379446695307 50.11872336272725 0 1.0
20.417379446695307 63.09573444801933 1 2.0
20.417379446695307 79.43282347242817 1 2.0
20.417379446695307 100.0 1 2.0
20.417379446695307 125.89254117941675 1 2.0
20.417379446695307 158.48931924611142 1 2.0
20.417379446695307 199.52623149688807 1 2.0
20.417379446695307 251.18864315095823 1 2.0
20.417379446695307 316.227766016838 1 2.0
20.417379446695307 398.1071705534973 1 2.0
20.417379446695307 501.18723362727246 1 2.0
20.417379446695307 630.9573444801937 1 2.0
20.417379446695307 794.3282347242822 1 2.0
20.417379446695307 1000.0 1 2.0
20.417379446695307 1258.9254117941675 1 2.0
20.417379446695307 1584.893192461114 1 2.0
20.417379446695307 1995.262314968881 1 2.0
20.417379446695307 2511.886431509582 4 
20.417379446695307 3162.2776601683795 4 
20.417379446695307 3981.071705534973 4 
20.417379446695307 5011.872336272725 4 
20.417379446695307 6309.573444801937 4 
20.417379446695307 7943.282347242822 4 
20.892961308540407 1.0 0 1.0
20.892961308540407 1.2589254117941673 0 1.0
20.892961308540407 1.5848931924611136 0 1.0
20.892961308540407 1.99526231496888 0 1.0
20.892961308540407 2.51188643150958 0 1.0
20.892961308540407 3.1622776601683795 0 1.0
20.892961308540407 3.981071705534973 0 1.0
20.892961308540407 5.011872336272724 0 1.0
20.892961308540407 6.309573444801933 0 1.0
20.892961308540407 7.943282347242816 0 1.0
20.892961308540407 10.0 0 1.0
20.892961308540407 12.589254117941676 0 1.0
20.892961308540407 15.848931924611142 0 1.0
20.892961308540407 19.9526231496888 0 1.0
20.892961308540407 25.11886431509581 0 1.0
20.892961308540407 31.622776601683796 0 1.0
20.892961308540407 39.81071705534973 0 1.0
20.892961308540407 50.11872336272725 0 1.0
20.892961308540407 63.09573444801933 1 2.0
20.892961308540407 79.43282347242817 1 2.0
20.892961308540407 100.0 1 2.0
20.892961308540407 125.89254117941675 1 2.0
20.892961308540407 158.48931924611142 1 2.0
20.892961308540407 199.52623149688807 1 2.0
20.892961308540407 251.18864315095823 1 2.0
20.892961308540407 316.227766016838 1 2.0
20.892961308540407 398.1071705534973 1 2.0
20.892961308540407 501.18723362727246 1 2.0
20.892961308540407 630.9573444801937 1 2.0
20.892961308540407 794.3282347242822 1 2.0
20.892961308540407 1000.0 1 2.0
20.892961308540407 1258.9254117941675 1 2.0
20.892961308540407 1584.893192461114 1 2.0
20.892961308540407 1995.262314968881 1 2.0
20.892961308540407 2511.886431509582 4 
20.892961308540407 3162.2776601683795 4 
20.892961308540407 3981.071705534973 4 
20.892961308540407 5011.872336272725 4 
20.892961308540407 6309.573444801937 4 
20.892961308540407 7943.282347242822 4 
21.37962089502233 1.0 0 1.0
21.37962089502233 1.2589254117941673 0 1.0
21.37962089502233 1.5848931924611136 0 1.0
21.37962089502233 1.99526231496888 0 1.0
21.37962089502233 2.51188643150958 0 1.0
21.37962089502233 3.1622776601683795 0 1.0
21.37962089502233 3.981071705534973 0 1.0
21.37962089502233 5.011872336272724 0 1.0
21.37962089502233 6.309573444801933 0 1.0
21.37962089502233 7.943282347242816 0 1.0
21.37962089502233 10.0 0 1.0
21.37962089502233 12.589254117941676 0 1.0
21.37962089502233 15.848931924611142 0 1.0
21.37962089502233 19.9526231496888 0 1.0
21.37962089502233 25.11886431509581 0 1.0
21.37962089502233 31.622776601683796 0 1.0
21.37962089502233 39.81071705534973 0 1.0
21.37962089502233 50.11872336272725 0 1.0
21.37962089502233 63.09573444801933 1 2.0
21.37962089502233 79.43282347242817 1 2.0
21.37962089502233 100.0 1 2.0
21.37962089502233 125.89254117941675 1 2.0
21.37962089502233 158.48931924611142 1 2.0
21.37962089502233 199.52623149688807 1 2.0
21.37962089502233 251.18864315095823 1 2.0
21.37962089502233 316.227766016838 1 2.0
21.37962089502233 398.1071705534973 1 2.0
21.37962089502233 501.18723362727246 1 2.0
21.37962089502233 630.9573444801937 1 2.0
21.37962089502233 794.3282347242822 1 2.0
21.37962089502233 1000.0 1 2.0
21.37962089502233 1258.9254117941675 1 2.0
21.37962089502233 1584.893192461114 1 2.0
21.37962089502233 1995.262314968881 1 2.0
21.37962089502233 2511.886431509582 4 
21.37962089502233 3162.2776601683795 4 
21.37962089502233 3981.071705534973 4 
21.37962089502233 5011.872336272725 4 
21.37962089502233 6309.573444801937 4 
21.37962089502233 7943.282347242822 4 
21.87761623949554 1.0 0 1.0
21.87761623949554 1.2589254117941673 0 1.0
21.87761623949554 1.5848931924611136 0 1.0
21.87761623949554 1.99526231496888 0 1.0
21.87761623949554 2.51188643150958 0 1.0
21.87761623949554 3.1622776601683795 0 1.0
21.87761623949554 3.981071705534973 0 1.0
21.87761623949554 5.011872336272724 0 1.0
21.87761623949554 6.309573444801933 0 1.0
21.87761623949554 7.943282347242816 0 1.0
21.87761623949554 10.0 0 1.0
21.87761623949554 12.589254117941676 0 1.0
21.87761623949554 15.848931924611142 0 1.0
21.87761623949554 19.9526231496888 0 1.0
21.87761623949554 25.11886431509581 0 1.0
21.87761623949554 31.622776601683796 0 1.0
21.87761623949554 39.81071705534973 0 1.0
21.87761623949554 50.11872336272725 0 1.0
21.87761623949554 63.09573444801933 0 1.0
21.87761623949554 79.43282347242817 1 2.0
21.87761623949554 100.0 1 2.0
21.87761623949554 125.89254117941675 1 2.0
21.87761623949554 158.48931924611142 1 2.0
21.87761623949554 199.52623149688807 1 2.0
21.87761623949554 251.18864315095823 1 2.0
21.87761623949554 316.227766016838 1 2.0
21.87761623949554 398.1071705534973 1 2.0
21.87761623949554 501.18723362727246 1 2.0
21.87761623949554 630.9573444801937 1 2.0
21.87761623949554 794.3282347242822 1 2.0
21.87761623949554 1000.0 1 2.0
21.87761623949554 1258.9254117941675 1 2.0
21.87761623949554 1584.893192461114 1 2.0
21.87761623949554 1995.262314968881 2 4.0
21.87761623949554 2511.886431509582 4 
21.87761623949554 3162.2776601683795 4 
21.87761623949554 3981.071705534973 4 
21.87761623949554 5011.872336272725 4 
21.87761623949554 6309.573444801937 4 
21.87761623949554 7943.282347242822 4 
22.38721138568341 1.0 0 1.0
22.38721138568341 1.2589254117941673 0 1.0
22.38721138568341 1.5848931924611136 0 1.0
22.38721138568341 1.99526231496888 0 1.0
22.38721138568341 2.51188643150958 0 1.0
22.38721138568341 3.1622776601683795 0 1.0
22.38721138568341 3.981071705534973 0 1.0
22.38721138568341 5.011872336272724 0 1.0
22.38721138568341 6.309573444801933 0 1.0
22.38721138568341 7.943282347242816 0 1.0
22.38721138568341 10.0 0 1.0
22.38721138568341 12.589254117941676 0 1.0
22.38721138568341 15.848931924611142 0 1.0
22.38721138568341 19.9526231496888 0 1.0
22.38721138568341 25.11886431509581 0 1.0
22.38721138568341 31.622776601683796 0 1.0
22.38721138568341 39.81071705534973 0 1.0
22.38721138568341 50.11872336272725 0 1.0
22.38721138568341 63.09573444801933 0 1.0
22.38721138568341 79.43282347242817 1 2.0
22.38721138568341 100.0 1 2.0
22.38721138568341 125.89254117941675 1 2.0
22.38721138568341 158.48931924611142 1 2.0
22.38721138568341 199.52623149688807 1 2.0
22.38721138568341 251.18864315095823 1 2.0
22.38721138568341 316.227766016838 1 2.0
22.38721138568341 398.1071705534973 1 2.0
22.38721138568341 501.18723362727246 1 2.0
22.38721138568341 630.9573444801937 1 2.0
22.38721138568341 794.3282347242822 1 2.0
22.38721138568341 1000.0 1 2.0
22.38721138568341 1258.9254117941675 1 2.0
22.38721138568341 1584.893192461114 1 2.0
22.38721138568341 1995.262314968881 4 
22.38721138568341 2511.886431509582 4 
22.38721138568341 3162.2776601683795 4 
22.38721138568341 3981.071705534973 4 
22.38721138568341 5011.872336272725 4 
22.38721138568341 6309.573444801937 4 
22.38721138568341 7943.282347242822 4 
22.90867652767775 1.0 0 1.0
22.90867652767775 1.2589254117941673 0 1.0
22.90867652767775 1.5848931924611136 0 1.0
22.90867652767775 1.99526231496888 0 1.0
22.90867652767775 2.51188643150958 0 1.0
22.90867652767775 3.1622776601683795 0 1.0
22.90867652767775 3.981071705534973 0 1.0
22.90867652767775 5.011872336272724 0 1.0
22.90867652767775 6.309573444801933 0 1.0
22.90867652767775 7.943282347242816 0 1.0
22.90867652767775 10.0 0 1.0
22.90867652767775 12.589254117941676 0 1.0
22.90867652767775 15.848931924611142 0 1.0
22.90867652767775 19.9526231496888 0 1.0
22.90867652767775 25.11886431509581 0 1.0
22.90867652767775 31.622776601683796 0 1.0
22.90867652767775 39.81071705534973 0 1.0
22.90867652767775 50.11872336272725 0 1.0
22.90867652767775 63.09573444801933 0 1.0
22.90867652767775 79.43282347242817 0 1.0
22.90867652767775 100.0 1 2.0
22.90867652767775 125.89254117941675 1 2.0
22.90867652767775 158.48931924611142 1 2.0
22.90867652767775 199.52623149688807 1 2.0
22.90867652767775 251.18864315095823 1 2.0
22.90867652767775 316.227766016838 1 2.0
22.90867652767775 398.1071705534973 1 2.0
22.90867652767775 501.18723362727246 1 2.0
22.90867652767775 630.9573444801937 1 2.0
22.90867652767775 794.3282347242822 1 2.0
22.90867652767775 1000.0 1 2.0
22.90867652767775 1258.9254117941675 1 2.0
22.90867652767775 1584.893192461114 1 2.0
22.90867652767775 1995.262314968881 4 
22.90867652767775 2511.886431509582 4 
22.90867652767775 3162.2776601683795 4 
22.90867652767775 3981.071705534973 4 
22.90867652767775 5011.872336272725 4 
22.90867652767775 6309.573444801937 4 
22.90867652767775 7943.282347242822 4 
23.44228815319924 1.0 0 1.0
23.44228815319924 1.2589254117941673 0 1.0
23.44228815319924 1.5848931924611136 0 1.0
23.44228815319924 1.99526231496888 0 1.0
23.44228815319924 2.51188643150958 0 1.0
23.44228815319924 3.1622776601683795 0 1.0
23.44228815319924 3.981071705534973 0 1.0
23.44228815319924 5.011872336272724 0 1.0
23.44228815319924 6.309573444801933 0 1.0
23.44228815319924 7.943282347242816 0 1.0
23.44228815319924 10.0 0 1.0
23.44228815319924 12.589254117941676 0 1.0
23.44228815319924 15.848931924611142 0 1.0
23.44228815319924 19.9526231496888 0 1.0
23.44228815319924 25.11886431509581 0 1.0
23.44228815319924 31.622776601683796 0 1.0
23.44228815319924 39.81071705534973 0 1.0
23.44228815319924 50.11872336272725 0 1.0
23.44228815319924 63.09573444801933 0 1.0
23.44228815319924 79.43282347242817 0 1.0
23.44228815319924 100.0 0 1.0
23.44228815319924 125.89254117941675 1 2.0
23.44228815319924 158.48931924611142 1 2.0
23.44228815319924 199.52623149688807 1 2.0
23.44228815319924 251.18864315095823 1 2.0
23.44228815319924 316.227766016838 1 2.0
23.44228815319924 398.1071705534973 1 2.0
23.44228815319924 501.18723362727246 1 2.0
23.44228815319924 630.9573444801937 1 2.0
23.44228815319924 794.3282347242822 1 2.0
23.44228815319924 1000.0 1 2.0
23.44228815319924 1258.9254117941675 1 2.0
23.44228815319924 1584.893192461114 1 2.0
23.44228815319924 1995.262314968881 4 
23.44228815319924 2511.886431509582 4 
23.44228815319924 3162.2776601683795 4 
23.44228815319924 3981.071705534973 4 
23.44228815319924 5011.872336272725 4 
23.44228815319924 6309.573444801937 4 
23.44228815319924 7943.282347242822 4 
23.988329190194925 1.0 0 1.0
23.988329190194925 1.2589254117941673 0 1.0
23.988329190194925 1.5848931924611136 0 1.0
23.988329190194925 1.99526231496888 0 1.0
23.988329190194925 2.51188643150958 0 1.0
23.988329190194925 3.1622776601683795 0 1.0
23.988329190194925 3.981071705534973 0 1.0
23.988329190194925 5.011872336272724 0 1.0
23.988329190194925 6.309573444801933 0 1.0
23.988329190194925 7.943282347242816 0 1.0
23.988329190194925 10.0 0 1.0
23.988329190194925 12.589254117941676 0 1.0
23.988329190194925 15.848931924611142 0 1.0
23.988329190194925 19.9526231496888 0 1.0
23.988329190194925 25.11886431509581 0 1.0
23.988329190194925 31.622776601683796 0 1.0
23.988329190194925 39.81071705534973 0 1.0
23.988329190194925 50.11872336272725 0 1.0
23.988329190194925 63.09573444801933 0 1.0
23.988329190194925 79.43282347242817 0 1.0
23.988329190194925 100.0 0 1.0
23.988329190194925 125.89254117941675 1 2.0
23.988329190194925 158.48931924611142 1 2.0
23.988329190194925 199.52623149688807 1 2.0
23.988329190194925 251.18864315095823 1 2.0
23.988329190194925 316.227766016838 1 2.0
23.988329190194925 398.1071705534973 1 2.0
23.988329190194925 501.18723362727246 1 2.0
23.988329190194925 630.9573444801937 1 2.0
23.988329190194925 794.3282347242822 1 2.0
23.988329190194925 1000.0 1 2.0
23.988329190194925 1258.9254117941675 1 2.0
23.988329190194925 1584.893192461114 4 
23.988329190194925 1995.262314968881 4 
23.988329190194925 2511.886431509582 4 
23.988329190194925 3162.2776601683795 4 
23.988329190194925 3981.071705534973 4 
23.988329190194925 5011.872336272725 4 
23.988329190194925 6309.573444801937 4 
23.988329190194925 7943.282347242822 4 
24.547089156850323 1.0 0 1.0
24.547089156850323 1.2589254117941673 0 1.0
24.547089156850323 1.5848931924611136 0 1.0
24.547089156850323 1.99526231496888 0 1.0
24.547089156850323 2.51188643150958 0 1.0
24.547089156850323 3.1622776601683795 0 1.0
24.547089156850323 3.981071705534973 0 1.0
24.547089156850323 5.011872336272724 0 1.0
24.547089156850323 6.309573444801933 0 1.0
24.547089156850323 7.943282347242816 0 1.0
24.547089156850323 10.0 0 1.0
24.547089156850323 12.589254117941676 0 1.0
24.547089156850323 15.848931924611142 0 1.0
24.547089156850323 19.9526231496888 0 1.0
24.547089156850323 25.11886431509581 0 1.0
24.547089156850323 31.622776601683796 0 1.0
24.547089156850323 39.81071705534973 0 1.0
24.547089156850323 50.11872336272725 0 1.0
24.547089156850323 63.09573444801933 0 1.0
24.547089156850323 79.43282347242817 0 1.0
24.547089156850323 100.0 1 2.0
24.547089156850323 125.89254117941675 1 2.0
24.547089156850323 158.48931924611142 1 2.0
24.547089156850323 199.52623149688807 1 2.0
24.547089156850323 251.18864315095823 1 2.0
24.547089156850323 316.227766016838 1 2.0
24.547089156850323 398.1071705534973 1 2.0
24.547089156850323 501.18723362727246 1 2.0
24.547089156850323 630.9573444801937 1 2.0
24.547089156850323 794.3282347242822 1 2.0
24.547089156850323 1000.0 1 2.0
24.547089156850323 1258.9254117941675 1 2.0
24.547089156850323 1584.893192461114 4 
24.547089156850323 1995.262314968881 4 
24.547089156850323 2511.886431509582 4 
24.547089156850323 3162.2776601683795 4 
24.547089156850323 3981.071705534973 4 
24.547089156850323 5011.872336272725 4 
24.547089156850323 6309.573444801937 4 
24.547089156850323 7943.282347242822 4 
25.11886431509582 1.0 0 1.0
25.11886431509582 1.2589254117941673 0 1.0
25.11886431509582 1.5848931924611136 0 1.0
25.11886431509582 1.99526231496888 0 1.0
25.11886431509582 2.51188643150958 0 1.0
25.11886431509582 3.1622776601683795 0 1.0
25.11886431509582 3.981071705534973 0 1.0
25.11886431509582 5.011872336272724 0 1.0
25.11886431509582 6.309573444801933 0 1.0
25.11886431509582 7.943282347242816 0 1.0
25.11886431509582 10.0 0 1.0
25.11886431509582 12.589254117941676 0 1.0
25.11886431509582 15.848931924611142 0 1.0
25.11886431509582 19.9526231496888 0 1.0
25.11886431509582 25.11886431509581 0 1.0
25.11886431509582 31.622776601683796 0 1.0
25.11886431509582 39.81071705534973 0 1.0
25.11886431509582 50.11872336272725 0 1.0
25.11886431509582 63.09573444801933 0 1.0
25.11886431509582 79.43282347242817 0 1.0
25.11886431509582 100.0 1 2.0
25.11886431509582 125.89254117941675 1 2.0
25.11886431509582 158.48931924611142 1 2.0
25.11886431509582 199.52623149688807 1 2.0
25.11886431509582 251.18864315095823 1 2.0
25.11886431509582 316.227766016838 1 2.0
25.11886431509582 398.1071705534973 1 2.0
25.11886431509582 501.18723362727246 1 2.0
25.11886431509582 630.9573444801937 1 2.0
25.11886431509582 794.3282347242822 1 2.0
25.11886431509582 1000.0 1 2.0
25.11886431509582 1258.9254117941675 1 2.0
25.11886431509582 1584.893192461114 4 
25.11886431509582 1995.262314968881 4 
25.11886431509582 2511.886431509582 4 
25.11886431509582 3162.2776601683795 4 
25.11886431509582 3981.071705534973 4 
25.11886431509582 5011.872336272725 4 
25.11886431509582 6309.573444801937 4 
25.11886431509582 7943.282347242822 4 
25.703957827688654 1.0 0 1.0
25.703957827688654 1.2589254117941673 0 1.0
25.703957827688654 1.5848931924611136 0 1.0
25.703957827688654 1.99526231496888 0 1.0
25.703957827688654 2.51188643150958 0 1.0
25.703957827688654 3.1622776601683795 0 1.0
25.703957827688654 3.981071705534973 0 1.0
25.703957827688654 5.011872336272724 0 1.0
25.703957827688654 6.309573444801933 0 1.0
25.703957827688654 7.943282347242816 0 1.0
25.703957827688654 10.0 0 1.0
25.703957827688654 12.589254117941676 0 1.0
25.703957827688654 15.848931924611142 0 1.0
25.703957827688654 19.9526231496888 0 1.0
25.703957827688654 25.11886431509581 0 1.0
25.703957827688654 31.622776601683796 0 1.0
25.703957827688654 39.81071705534973 0 1.0
25.703957827688654 50.11872336272725 0 1.0
25.703957827688654 63.09573444801933 0 1.0
25.703957827688654 79.43282347242817 0 1.0
25.703957827688654 100.0 1 2.0
25.703957827688654 125.89254117941675 1 2.0
25.703957827688654 158.48931924611142 1 2.0
25.703957827688654 199.52623149688807 1 2.0
25.703957827688654 251.18864315095823 1 2.0
25.703957827688654 316.227766016838 1 2.0
25.703957827688654 398.1071705534973 1 2.0
25.703957827688654 501.18723362727246 1 2.0
25.703957827688654 630.9573444801937 1 2.0
25.703957827688654 794.3282347242822 1 2.0
25.703957827688654 1000.0 1 2.0
25.703957827688654 1258.9254117941675 2 4.0
25.703957827688654 1584.893192461114 4 
25.703957827688654 1995.262314968881 4 
25.703957827688654 2511.886431509582 4 
25.703957827688654 3162.2776601683795 4 
25.703957827688654 3981.071705534973 4 
25.703957827688654 5011.872336272725 4 
25.703957827688654 6309.573444801937 4 
25.703957827688654 7943.282347242822 4 
26.30267991895384 1.0 0 1.0
26.30267991895384 1.2589254117941673 0 1.0
26.30267991895384 1.5848931924611136 0 1.0
26.30267991895384 1.99526231496888 0 1.0
26.30267991895384 2.51188643150958 0 1.0
26.30267991895384 3.1622776601683795 0 1.0
26.30267991895384 3.981071705534973 0 1.0
26.30267991895384 5.011872336272724 0 1.0
26.30267991895384 6.309573444801933 0 1.0
26.30267991895384 7.943282347242816 0 1.0
26.30267991895384 10.0 0 1.0
26.30267991895384 12.589254117941676 0 1.0
26.30267991895384 15.848931924611142 0 1.0
26.30267991895384 19.9526231496888 0 1.0
26.30267991895384 25.11886431509581 0 1.0
26.30267991895384 31.622776601683796 0 1.0
26.30267991895384 39.81071705534973 0 1.0
26.30267991895384 50.11872336272725 0 1.0
26.30267991895384 63.09573444801933 0 1.0
26.30267991895384 79.43282347242817 0 1.0
26.30267991895384 100.0 0 1.0
26.30267991895384 125.89254117941675 1 2.0
26.30267991895384 158.48931924611142 1 2.0
26.30267991895384 199.52623149688807 1 2.0
26.30267991895384 251.18864315095823 1 2.0
26.30267991895384 316.227766016838 1 2.0
26.30267991895384 398.1071705534973 1 2.0
26.30267991895384 501.18723362727246 1 2.0
26.30267991895384 630.9573444801937 1 2.0
26.30267991895384 794.3282347242822 1 2.0
26.30267991895384 1000.0 1 2.0
26.30267991895384 1258.9254117941675 4 
26.30267991895384 1584.893192461114 4 
26.30267991895384 1995.262314968881 4 
26.30267991895384 2511.886431509582 4 
26.30267991895384 3162.2776601683795 4 
26.30267991895384 3981.071705534973 4 
26.30267991895384 5011.872336272725 4 
26.30267991895384 6309.573444801937 4 
26.30267991895384 7943.282347242822 4 
26.91534803926918 1.0 0 1.0
26.91534803926918 1.2589254117941673 0 1.0
26.91534803926918 1.5848931924611136 0 1.0
26.91534803926918 1.99526231496888 0 1.0
26.91534803926918 2.51188643150958 0 1.0
26.91534803926918 3.1622776601683795 0 1.0
26.91534803926918 3.981071705534973 0 1.0
26.91534803926918 5.011872336272724 0 1.0
26.91534803926918 6.309573444801933 0 1.0
26.91534803926918 7.943282347242816 0 1.0
26.91534803926918 10.0 0 1.0
26.91534803926918 12.589254117941676 0 1.0
26.91534803926918 15.848931924611142 0 1.0
26.91534803926918 19.9526231496888 0 1.0
26.91534803926918 25.11886431509581 0 1.0
26.91534803926918 31.622776601683796 0 1.0
26.91534803926918 39.81071705534973 0 1.0
26.91534803926918 50.11872336272725 0 1.0
26.91534803926918 63.09573444801933 0 1.0
26.91534803926918 79.43282347242817 1 2.0
26.91534803926918 100.0 1 2.0
26.91534803926918 125.89254117941675 1 2.0
26.91534803926918 158.48931924611142 1 2.0
26.91534803926918 199.52623149688807 1 2.0
26.91534803926918 251.18864315095823 1 2.0
26.91534803926918 316.227766016838 1 2.0
26.91534803926918 398.1071705534973 1 2.0
26.91534803926918 501.18723362727246 1 2.0
26.91534803926918 630.9573444801937 1 2.0
26.91534803926918 794.3282347242822 1 2.0
26.91534803926918 1000.0 1 2.0
26.91534803926918 1258.9254117941675 4 
26.91534803926918 1584.893192461114 4 
26.91534803926918 1995.262314968881 4 
26.91534803926918 2511.886431509582 4 
26.91534803926918 3162.2776601683795 4 
26.91534803926918 3981.071705534973 4 
26.91534803926918 5011.872336272725 4 
26.91534803926918 6309.573444801937 4 
26.91534803926918 7943.282347242822 4 
27.54228703338169 1.0 0 1.0
27.54228703338169 1.2589254117941673 0 1.0
27.54228703338169 1.5848931924611136 0 1.0
27.54228703338169 1.99526231496888 0 1.0
27.54228703338169 2.51188643150958 0 1.0
27.54228703338169 3.1622776601683795 0 1.0
27.54228703338169 3.981071705534973 0 1.0
27.54228703338169 5.011872336272724 0 1.0
27.54228703338169 6.309573444801933 0 1.0
27.54228703338169 7.943282347242816 0 1.0
27.54228703338169 10.0 0 1.0
27.54228703338169 12.589254117941676 0 1.0
27.54228703338169 15.848931924611142 0 1.0
27.54228703338169 19.9526231496888 0 1.0
27.54228703338169 25.11886431509581 0 1.0
27.54228703338169 31.622776601683796 0 1.0
27.54228703338169 39.81071705534973 0 1.0
27.54228703338169 50.11872336272725 0 1.0
27.54228703338169 63.09573444801933 1 2.0
27.54228703338169 79.43282347242817 1 2.0
27.54228703338169 100.0 1 2.0
27.54228703338169 125.89254117941675 1 2.0
27.54228703338169 158.48931924611142 1 2.0
27.54228703338169 199.52623149688807 1 2.0
27.54228703338169 251.18864315095823 1 2.0
27.54228703338169 316.227766016838 1 2.0
27.54228703338169 398.1071705534973 1 2.0
27.54228703338169 501.18723362727246 1 2.0
27.54228703338169 630.9573444801937 2 4.0
27.54228703338169 794.3282347242822 1 2.0
27.54228703338169 1000.0 1 2.0
27.54228703338169 1258.9254117941675 4 
27.54228703338169 1584.893192461114 4 
27.54228703338169 1995.262314968881 4 
27.54228703338169 2511.886431509582 4 
27.54228703338169 3162.2776601683795 4 
27.54228703338169 3981.071705534973 4 
27.54228703338169 5011.872336272725 4 
27.54228703338169 6309.573444801937 4 
27.54228703338169 7943.282347242822 4 
28.18382931264457 1.0 0 1.0
28.18382931264457 1.2589254117941673 0 1.0
28.18382931264457 1.5848931924611136 0 1.0
28.18382931264457 1.99526231496888 0 1.0
28.18382931264457 2.51188643150958 0 1.0
28.18382931264457 3.1622776601683795 0 1.0
28.18382931264457 3.981071705534973 0 1.0
28.18382931264457 5.011872336272724 0 1.0
28.18382931264457 6.309573444801933 0 1.0
28.18382931264457 7.943282347242816 0 1.0
28.18382931264457 10.0 0 1.0
28.18382931264457 12.589254117941676 0 1.0
28.18382931264457 15.848931924611142 0 1.0
28.18382931264457 19.9526231496888 0 1.0
28.18382931264457 25.11886431509581 0 1.0
28.18382931264457 31.622776601683796 1 2.0
28.18382931264457 39.81071705534973 1 2.0
28.18382931264457 50.11872336272725 1 2.0
28.18382931264457 63.09573444801933 1 2.0
28.18382931264457 79.43282347242817 1 2.0
28.18382931264457 100.0 1 2.0
28.18382931264457 125.89254117941675 1 2.0
28.18382931264457 158.48931924611142 1 2.0
28.18382931264457 199.52623149688807 1 2.0
28.18382931264457 251.18864315095823 1 2.0
28.18382931264457 316.227766016838 1 2.0
28.18382931264457 398.1071705534973 1 2.0
28.18382931264457 501.18723362727246 1 2.0
28.18382931264457 630.9573444801937 1 2.0
28.18382931264457 794.3282347242822 1 2.0
28.18382931264457 1000.0 2 4.0
28.18382931264457 1258.9254117941675 4 
28.18382931264457 1584.893192461114 4 
28.18382931264457 1995.262314968881 4 
28.18382931264457 2511.886431509582 4 
28.18382931264457 3162.2776601683795 4 
28.18382931264457 3981.071705534973 4 
28.18382931264457 5011.872336272725 4 
28.18382931264457 6309.573444801937 4 
28.18382931264457 7943.282347242822 4 
28.840315031266087 1.0 0 1.0
28.840315031266087 1.2589254117941673 0 1.0
28.840315031266087 1.5848931924611136 0 1.0
28.840315031266087 1.99526231496888 0 1.0
28.840315031266087 2.51188643150958 0 1.0
28.840315031266087 3.1622776601683795 0 1.0
28.840315031266087 3.981071705534973 0 1.0
28.840315031266087 5.011872336272724 0 1.0
28.840315031266087 6.309573444801933 0 1.0
28.840315031266087 7.943282347242816 0 1.0
28.840315031266087 10.0 0 1.0
28.840315031266087 12.589254117941676 0 1.0
28.840315031266087 15.848931924611142 0 1.0
28.840315031266087 19.9526231496888 0 1.0
28.840315031266087 25.11886431509581 0 1.0
28.840315031266087 31.622776601683796 1 2.0
28.840315031266087 39.81071705534973 1 2.0
28.840315031266087 50.11872336272725 1 2.0
28.840315031266087 63.09573444801933 1 2.0
28.840315031266087 79.43282347242817 1 2.0
28.840315031266087 100.0 1 2.0
28.840315031266087 125.89254117941675 1 2.0
28.840315031266087 158.48931924611142 1 2.0
28.840315031266087 199.52623149688807 1 2.0
28.840315031266087 251.18864315095823 1 2.0
28.840315031266087 316.227766016838 1 2.0
28.840315031266087 398.1071705534973 1 2.0
28.840315031266087 501.18723362727246 1 2.0
28.840315031266087 630.9573444801937 1 2.0
28.840315031266087 794.3282347242822 1 2.0
28.840315031266087 1000.0 1 2.0
28.840315031266087 1258.9254117941675 4 
28.840315031266087 1584.893192461114 4 
28.840315031266087 1995.262314968881 4 
28.840315031266087 2511.886431509582 4 
28.840315031266087 3162.2776601683795 4 
28.840315031266087 3981.071705534973 4 
28.840315031266087 5011.872336272725 4 
28.840315031266087 6309.573444801937 4 
28.840315031266087 7943.282347242822 4 
29.512092266663885 1.0 0 1.0
29.512092266663885 1.2589254117941673 0 1.0
29.512092266663885 1.5848931924611136 0 1.0
29.512092266663885 1.99526231496888 0 1.0
29.512092266663885 2.51188643150958 0 1.0
29.512092266663885 3.1622776601683795 0 1.0
29.512092266663885 3.981071705534973 0 1.0
29.512092266663885 5.011872336272724 0 1.0
29.512092266663885 6.309573444801933 0 1.0
29.512092266663885 7.943282347242816 0 1.0
29.512092266663885 10.0 0 1.0
29.512092266663885 12.589254117941676 0 1.0
29.512092266663885 15.848931924611142 0 1.0
29.512092266663885 19.9526231496888 0 1.0
29.512092266663885 25.11886431509581 0 1.0
29.512092266663885 31.622776601683796 1 2.0
29.512092266663885 39.81071705534973 1 2.0
29.512092266663885 50.11872336272725 1 2.0
29.512092266663885 63.09573444801933 1 2.0
29.512092266663885 79.43282347242817 1 2.0
29.512092266663885 100.0 1 2.0
29.512092266663885 125.89254117941675 1 2.0
29.512092266663885 158.48931924611142 1 2.0
29.512092266663885 199.52623149688807 1 2.0
29.512092266663885 251.18864315095823 1 2.0
29.512092266663885 316.227766016838 1 2.0
29.512092266663885 398.1071705534973 1 2.0
29.512092266663885 501.18723362727246 1 2.0
29.512092266663885 630.9573444801937 1 2.0
29.512092266663885 794.3282347242822 1 2.0
29.512092266663885 1000.0 4 
29.512092266663885 1258.9254117941675 4 
29.512092266663885 1584.893192461114 4 
29.512092266663885 1995.262314968881 4 
29.512092266663885 2511.886431509582 4 
29.512092266663885 3162.2776601683795 4 
29.512092266663885 3981.071705534973 4 
29.512092266663885 5011.872336272725 4 
29.512092266663885 6309.573444801937 4 
29.512092266663885 7943.282347242822 4 
30.199517204020196 1.0 0 1.0
30.199517204020196 1.2589254117941673 0 1.0
30.199517204020196 1.5848931924611136 0 1.0
30.199517204020196 1.99526231496888 0 1.0
30.199517204020196 2.51188643150958 0 1.0
30.199517204020196 3.1622776601683795 0 1.0
30.199517204020196 3.981071705534973 0 1.0
30.199517204020196 5.011872336272724 0 1.0
30.199517204020196 6.309573444801933 0 1.0
30.199517204020196 7.943282347242816 0 1.0
30.199517204020196 10.0 0 1.0
30.199517204020196 12.589254117941676 0 1.0
30.199517204020196 15.848931924611142 0 1.0
30.199517204020196 19.9526231496888 0 1.0
30.199517204020196 25.11886431509581 1 2.0
30.199517204020196 31.622776601683796 1 2.0
30.199517204020196 39.81071705534973 1 2.0
30.199517204020196 50.11872336272725 1 2.0
30.199517204020196 63.09573444801933 1 2.0
30.199517204020196 79.43282347242817 1 2.0
30.199517204020196 100.0 1 2.0
30.199517204020196 125.89254117941675 1 2.0
30.199517204020196 158.48931924611142 1 2.0
30.199517204020196 199.52623149688807 1 2.0
30.199517204020196 251.18864315095823 1 2.0
30.199517204020196 316.227766016838 2 4.0
30.199517204020196 398.1071705534973 1 2.0
30.199517204020196 501.18723362727246 1 2.0
30.199517204020196 630.9573444801937 1 2.0
30.199517204020196 794.3282347242822 1 2.0
30.199517204020196 1000.0 4 
30.199517204020196 1258.9254117941675 4 
30.199517204020196 1584.893192461114 4 
30.199517204020196 1995.262314968881 4 
30.199517204020196 2511.886431509582 4 
30.199517204020196 3162.2776601683795 4 
30.199517204020196 3981.071705534973 4 
30.199517204020196 5011.872336272725 4 
30.199517204020196 6309.573444801937 4 
30.199517204020196 7943.282347242822 4 
30.902954325135937 1.0 0 1.0
30.902954325135937 1.2589254117941673 0 1.0
30.902954325135937 1.5848931924611136 0 1.0
30.902954325135937 1.99526231496888 0 1.0
30.902954325135937 2.51188643150958 0 1.0
30.902954325135937 3.1622776601683795 0 1.0
30.902954325135937 3.981071705534973 0 1.0
30.902954325135937 5.011872336272724 0 1.0
30.902954325135937 6.309573444801933 0 1.0
30.902954325135937 7.943282347242816 0 1.0
30.902954325135937 10.0 0 1.0
30.902954325135937 12.589254117941676 0 1.0
30.902954325135937 15.848931924611142 0 1.0
30.902954325135937 19.9526231496888 0 1.0
30.902954325135937 25.11886431509581 1 2.0
30.902954325135937 31.622776601683796 1 2.0
30.902954325135937 39.81071705534973 1 2.0
30.902954325135937 50.11872336272725 1 2.0
30.902954325135937 63.09573444801933 1 2.0
30.902954325135937 79.43282347242817 1 2.0
30.902954325135937 100.0 1 2.0
30.902954325135937 125.89254117941675 1 2.0
30.902954325135937 158.48931924611142 1 2.0
30.902954325135937 199.52623149688807 1 2.0
30.902954325135937 251.18864315095823 1 2.0
30.902954325135937 316.227766016838 2 4.0
30.902954325135937 398.1071705534973 1 2.0
30.902954325135937 501.18723362727246 1 2.0
30.902954325135937 630.9573444801937 1 2.0
30.902954325135937 794.3282347242822 1 2.0
30.902954325135937 1000.0 4 
30.902954325135937 1258.9254117941675 4 
30.902954325135937 1584.893192461114 4 
30.902954325135937 1995.262314968881 4 
30.902954325135937 2511.886431509582 4 
30.902954325135937 3162.2776601683795 4 
30.902954325135937 3981.071705534973 4 
30.902954325135937 5011.872336272725 4 
30.902954325135937 6309.573444801937 4 
30.902954325135937 7943.282347242822 4 
31.622776601683825 1.0 0 1.0
31.622776601683825 1.2589254117941673 0 1.0
31.622776601683825 1.5848931924611136 0 1.0
31.622776601683825 1.99526231496888 0 1.0
31.622776601683825 2.51188643150958 0 1.0
31.622776601683825 3.1622776601683795 0 1.0
31.622776601683825 3.981071705534973 0 1.0
31.622776601683825 5.011872336272724 0 1.0
31.622776601683825 6.309573444801933 0 1.0
31.622776601683825 7.943282347242816 0 1.0
31.622776601683825 10.0 0 1.0
31.622776601683825 12.589254117941676 0 1.0
31.622776601683825 15.848931924611142 0 1.0
31.622776601683825 19.9526231496888 1 2.0
31.622776601683825 25.11886431509581 1 2.0
31.622776601683825 31.622776601683796 1 2.0
31.622776601683825 39.81071705534973 1 2.0
31.622776601683825 50.11872336272725 1 2.0
31.622776601683825 63.09573444801933 1 2.0
31.622776601683825 79.43282347242817 1 2.0
31.622776601683825 100.0 1 2.0
31.622776601683825 125.89254117941675 1 2.0
31.622776601683825 158.48931924611142 1 2.0
31.622776601683825 199.52623149688807 1 2.0
31.622776601683825 251.18864315095823 1 2.0
31.622776601683825 316.227766016838 1 2.0
31.622776601683825 398.1071705534973 1 2.0
31.622776601683825 501.18723362727246 1 2.0
31.622776601683825 630.9573444801937 1 2.0
31.622776601683825 794.3282347242822 1 2.0
31.622776601683825 1000.0 4 
31.622776601683825 1258.9254117941675 4 
31.622776601683825 1584.893192461114 4 
31.622776601683825 1995.262314968881 4 
31.622776601683825 2511.886431509582 4 
31.622776601683825 3162.2776601683795 4 
31.622776601683825 3981.071705534973 4 
31.622776601683825 5011.872336272725 4 
31.622776601683825 6309.573444801937 4 
31.622776601683825 7943.282347242822 4 
32.35936569296286 1.0 0 1.0
32.35936569296286 1.2589254117941673 0 1.0
32.35936569296286 1.5848931924611136 0 1.0
32.35936569296286 1.99526231496888 0 1.0
32.35936569296286 2.51188643150958 0 1.0
32.35936569296286 3.1622776601683795 0 1.0
32.35936569296286 3.981071705534973 0 1.0
32.35936569296286 5.011872336272724 0 1.0
32.35936569296286 6.309573444801933 0 1.0
32.35936569296286 7.943282347242816 0 1.0
32.35936569296286 10.0 0 1.0
32.35936569296286 12.589254117941676 0 1.0
32.35936569296286 15.848931924611142 0 1.0
32.35936569296286 19.9526231496888 1 2.0
32.35936569296286 25.11886431509581 1 2.0
32.35936569296286 31.622776601683796 1 2.0
32.35936569296286 39.81071705534973 1 2.0
32.35936569296286 50.11872336272725 1 2.0
32.35936569296286 63.09573444801933 1 2.0
32.35936569296286 79.43282347242817 1 2.0
32.35936569296286 100.0 1 2.0
32.35936569296286 125.89254117941675 1 2.0
32.35936569296286 158.48931924611142 1 2.0
32.35936569296286 199.52623149688807 1 2.0
32.35936569296286 251.18864315095823 1 2.0
32.35936569296286 316.227766016838 1 2.0
32.35936569296286 398.1071705534973 1 2.0
32.35936569296286 501.18723362727246 1 2.0
32.35936569296286 630.9573444801937 1 2.0
32.35936569296286 794.3282347242822 1 2.0
32.35936569296286 1000.0 1 2.0
32.35936569296286 1258.9254117941675 4 
32.35936569296286 1584.893192461114 4 
32.35936569296286 1995.262314968881 4 
32.35936569296286 2511.886431509582 4 
32.35936569296286 3162.2776601683795 4 
32.35936569296286 3981.071705534973 4 
32.35936569296286 5011.872336272725 4 
32.35936569296286 6309.573444801937 4 
32.35936569296286 7943.282347242822 4 
33.11311214825915 1.0 0 1.0
33.11311214825915 1.2589254117941673 0 1.0
33.11311214825915 1.5848931924611136 0 1.0
33.11311214825915 1.99526231496888 0 1.0
33.11311214825915 2.51188643150958 0 1.0
33.11311214825915 3.1622776601683795 0 1.0
33.11311214825915 3.981071705534973 0 1.0
33.11311214825915 5.011872336272724 0 1.0
33.11311214825915 6.309573444801933 0 1.0
33.11311214825915 7.943282347242816 0 1.0
33.11311214825915 10.0 0 1.0
33.11311214825915 12.589254117941676 0 1.0
33.11311214825915 15.848931924611142 1 2.0
33.11311214825915 19.9526231496888 1 2.0
33.11311214825915 25.11886431509581 1 2.0
33.11311214825915 31.622776601683796 1 2.0
33.11311214825915 39.81071705534973 1 2.0
33.11311214825915 50.11872336272725 1 2.0
33.11311214825915 63.09573444801933 1 2.0
33.11311214825915 79.43282347242817 1 2.0
33.11311214825915 100.0 1 2.0
33.11311214825915 125.89254117941675 1 2.0
33.11311214825915 158.48931924611142 1 2.0
33.11311214825915 199.52623149688807 1 2.0
33.11311214825915 251.18864315095823 1 2.0
33.11311214825915 316.227766016838 1 2.0
33.11311214825915 398.1071705534973 1 2.0
33.11311214825915 501.18723362727246 1 2.0
33.11311214825915 630.9573444801937 1 2.0
33.11311214825915 794.3282347242822 1 2.0
33.11311214825915 1000.0 4 
33.11311214825915 1258.9254117941675 4 
33.11311214825915 1584.893192461114 4 
33.11311214825915 1995.262314968881 4 
33.11311214825915 2511.886431509582 4 
33.11311214825915 3162.2776601683795 4 
33.11311214825915 3981.071705534973 4 
33.11311214825915 5011.872336272725 4 
33.11311214825915 6309.573444801937 4 
33.11311214825915 7943.282347242822 4 
33.88441561392029 1.0 0 1.0
33.88441561392029 1.2589254117941673 0 1.0
33.88441561392029 1.5848931924611136 0 1.0
33.88441561392029 1.99526231496888 0 1.0
33.88441561392029 2.51188643150958 0 1.0
33.88441561392029 3.1622776601683795 0 1.0
33.88441561392029 3.981071705534973 0 1.0
33.88441561392029 5.011872336272724 0 1.0
33.88441561392029 6.309573444801933 0 1.0
33.88441561392029 7.943282347242816 0 1.0
33.88441561392029 10.0 0 1.0
33.88441561392029 12.589254117941676 0 1.0
33.88441561392029 15.848931924611142 1 2.0
33.88441561392029 19.9526231496888 1 2.0
33.88441561392029 25.11886431509581 1 2.0
33.88441561392029 31.622776601683796 1 2.0
33.88441561392029 39.81071705534973 1 2.0
33.88441561392029 50.11872336272725 1 2.0
33.88441561392029 63.09573444801933 1 2.0
33.88441561392029 79.43282347242817 1 2.0
33.88441561392029 100.0 1 2.0
33.88441561392029 125.89254117941675 1 2.0
33.88441561392029 158.48931924611142 1 2.0
33.88441561392029 199.52623149688807 1 2.0
33.88441561392029 251.18864315095823 1 2.0
33.88441561392029 316.227766016838 1 2.0
33.88441561392029 398.1071705534973 1 2.0
33.88441561392029 501.18723362727246 1 2.0
33.88441561392029 630.9573444801937 1 2.0
33.88441561392029 794.3282347242822 1 2.0
33.88441561392029 1000.0 4 
33.88441561392029 1258.9254117941675 4 
33.88441561392029 1584.893192461114 4 
33.88441561392029 1995.262314968881 4 
33.88441561392029 2511.886431509582 4 
33.88441561392029 3162.2776601683795 4 
33.88441561392029 3981.071705534973 4 
33.88441561392029 5011.872336272725 4 
33.88441561392029 6309.573444801937 4 
33.88441561392029 7943.282347242822 4 
34.6736850452532 1.0 0 1.0
34.6736850452532 1.2589254117941673 0 1.0
34.6736850452532 1.5848931924611136 0 1.0
34.6736850452532 1.99526231496888 0 1.0
34.6736850452532 2.51188643150958 0 1.0
34.6736850452532 3.1622776601683795 0 1.0
34.6736850452532 3.981071705534973 0 1.0
34.6736850452532 5.011872336272724 0 1.0
34.6736850452532 6.309573444801933 0 1.0
34.6736850452532 7.943282347242816 0 1.0
34.6736850452532 10.0 0 1.0
34.6736850452532 12.589254117941676 0 1.0
34.6736850452532 15.848931924611142 1 2.0
34.6736850452532 19.9526231496888 1 2.0
34.6736850452532 25.11886431509581 1 2.0
34.6736850452532 31.622776601683796 1 2.0
34.6736850452532 39.81071705534973 1 2.0
34.6736850452532 50.11872336272725 1 2.0
34.6736850452532 63.09573444801933 1 2.0
34.6736850452532 79.43282347242817 1 2.0
34.6736850452532 100.0 1 2.0
34.6736850452532 125.89254117941675 1 2.0
34.6736850452532 158.48931924611142 1 2.0
34.6736850452532 199.52623149688807 1 2.0
34.6736850452532 251.18864315095823 1 2.0
34.6736850452532 316.227766016838 1 2.0
34.6736850452532 398.1071705534973 1 2.0
34.6736850452532 501.18723362727246 1 2.0
34.6736850452532 630.9573444801937 1 2.0
34.6736850452532 794.3282347242822 1 2.0
34.6736850452532 1000.0 4 
34.6736850452532 1258.9254117941675 4 
34.6736850452532 1584.893192461114 4 
34.6736850452532 1995.262314968881 4 
34.6736850452532 2511.886431509582 4 
34.6736850452532 3162.2776601683795 4 
34.6736850452532 3981.071705534973 4 
34.6736850452532 5011.872336272725 4 
34.6736850452532 6309.573444801937 4 
34.6736850452532 7943.282347242822 4 
35.48133892335758 1.0 0 1.0
35.48133892335758 1.2589254117941673 0 1.0
35.48133892335758 1.5848931924611136 0 1.0
35.48133892335758 1.99526231496888 0 1.0
35.48133892335758 2.51188643150958 0 1.0
35.48133892335758 3.1622776601683795 0 1.0
35.48133892335758 3.981071705534973 0 1.0
35.48133892335758 5.011872336272724 0 1.0
35.48133892335758 6.309573444801933 0 1.0
35.48133892335758 7.943282347242816 0 1.0
35.48133892335758 10.0 0 1.0
35.48133892335758 12.589254117941676 0 1.0
35.48133892335758 15.848931924611142 1 2.0
35.48133892335758 19.9526231496888 1 2.0
35.48133892335758 25.11886431509581 1 2.0
35.48133892335758 31.622776601683796 1 2.0
35.48133892335758 39.81071705534973 1 2.0
35.48133892335758 50.11872336272725 1 2.0
35.48133892335758 63.09573444801933 1 2.0
35.48133892335758 79.43282347242817 1 2.0
35.48133892335758 100.0 1 2.0
35.48133892335758 125.89254117941675 1 2.0
35.48133892335758 158.48931924611142 1 2.0
35.48133892335758 199.52623149688807 1 2.0
35.48133892335758 251.18864315095823 1 2.0
35.48133892335758 316.227766016838 1 2.0
35.48133892335758 398.1071705534973 1 2.0
35.48133892335758 501.18723362727246 1 2.0
35.48133892335758 630.9573444801937 1 2.0
35.48133892335758 794.3282347242822 1 2.0
35.48133892335758 1000.0 4 
35.48133892335758 1258.9254117941675 4 
35.48133892335758 1584.893192461114 4 
35.48133892335758 1995.262314968881 4 
35.48133892335758 2511.886431509582 4 
35.48133892335758 3162.2776601683795 4 
35.48133892335758 3981.071705534973 4 
35.48133892335758 5011.872336272725 4 
35.48133892335758 6309.573444801937 4 
35.48133892335758 7943.282347242822 4 
36.30780547701018 1.0 0 1.0
36.30780547701018 1.2589254117941673 0 1.0
36.30780547701018 1.5848931924611136 0 1.0
36.30780547701018 1.99526231496888 0 1.0
36.30780547701018 2.51188643150958 0 1.0
36.30780547701018 3.1622776601683795 0 1.0
36.30780547701018 3.981071705534973 0 1.0
36.30780547701018 5.011872336272724 0 1.0
36.30780547701018 6.309573444801933 0 1.0
36.30780547701018 7.943282347242816 0 1.0
36.30780547701018 10.0 0 1.0
36.30780547701018 12.589254117941676 0 1.0
36.30780547701018 15.848931924611142 1 2.0
36.30780547701018 19.9526231496888 1 2.0
36.30780547701018 25.11886431509581 1 2.0
36.30780547701018 31.622776601683796 1 2.0
36.30780547701018 39.81071705534973 1 2.0
36.30780547701018 50.11872336272725 1 2.0
36.30780547701018 63.09573444801933 1 2.0
36.30780547701018 79.43282347242817 1 2.0
36.30780547701018 100.0 1 2.0
36.30780547701018 125.89254117941675 1 2.0
36.30780547701018 158.48931924611142 1 2.0
36.30780547701018 199.52623149688807 1 2.0
36.30780547701018 251.18864315095823 1 2.0
36.30780547701018 316.227766016838 1 2.0
36.30780547701018 398.1071705534973 1 2.0
36.30780547701018 501.18723362727246 1 2.0
36.30780547701018 630.9573444801937 1 2.0
36.30780547701018 794.3282347242822 4 
36.30780547701018 1000.0 4 
36.30780547701018 1258.9254117941675 4 
36.30780547701018 1584.893192461114 4 
36.30780547701018 1995.262314968881 4 
36.30780547701018 2511.886431509582 4 
36.30780547701018 3162.2776601683795 4 
36.30780547701018 3981.071705534973 4 
36.30780547701018 5011.872336272725 4 
36.30780547701018 6309.573444801937 4 
36.30780547701018 7943.282347242822 4 
37.153522909717296 1.0 0 1.0
37.153522909717296 1.2589254117941673 0 1.0
37.153522909717296 1.5848931924611136 0 1.0
37.153522909717296 1.99526231496888 0 1.0
37.153522909717296 2.51188643150958 0 1.0
37.153522909717296 3.1622776601683795 0 1.0
37.153522909717296 3.981071705534973 0 1.0
37.153522909717296 5.011872336272724 0 1.0
37.153522909717296 6.309573444801933 0 1.0
37.153522909717296 7.943282347242816 0 1.0
37.153522909717296 10.0 0 1.0
37.153522909717296 12.589254117941676 0 1.0
37.153522909717296 15.848931924611142 1 2.0
37.153522909717296 19.9526231496888 1 2.0
37.153522909717296 25.11886431509581 1 2.0
37.153522909717296 31.622776601683796 1 2.0
37.153522909717296 39.81071705534973 1 2.0
37.153522909717296 50.11872336272725 1 2.0
37.153522909717296 63.09573444801933 1 2.0
37.153522909717296 79.43282347242817 1 2.0
37.153522909717296 100.0 1 2.0
37.153522909717296 125.89254117941675 1 2.0
37.153522909717296 158.48931924611142 1 2.0
37.153522909717296 199.52623149688807 1 2.0
37.153522909717296 251.18864315095823 1 2.0
37.153522909717296 316.227766016838 1 2.0
37.153522909717296 398.1071705534973 1 2.0
37.153522909717296 501.18723362727246 1 2.0
37.153522909717296 630.9573444801937 1 2.0
37.153522909717296 794.3282347242822 4 
37.153522909717296 1000.0 4 
37.153522909717296 1258.9254117941675 4 
37.153522909717296 1584.893192461114 4 
37.153522909717296 1995.262314968881 4 
37.153522909717296 2511.886431509582 4 
37.153522909717296 3162.2776601683795 4 
37.153522909717296 3981.071705534973 4 
37.153522909717296 5011.872336272725 4 
37.153522909717296 6309.573444801937 4 
37.153522909717296 7943.282347242822 4 
38.01893963205617 1.0 0 1.0
38.01893963205617 1.2589254117941673 0 1.0
38.01893963205617 1.5848931924611136 0 1.0
38.01893963205617 1.99526231496888 0 1.0
38.01893963205617 2.51188643150958 0 1.0
38.01893963205617 3.1622776601683795 0 1.0
38.01893963205617 3.981071705534973 0 1.0
38.01893963205617 5.011872336272724 0 1.0
38.01893963205617 6.309573444801933 0 1.0
38.01893963205617 7.943282347242816 0 1.0
38.01893963205617 10.0 0 1.0
38.01893963205617 12.589254117941676 0 1.0
38.01893963205617 15.848931924611142 1 2.0
38.01893963205617 19.9526231496888 1 2.0
38.01893963205617 25.11886431509581 1 2.0
38.01893963205617 31.622776601683796 1 2.0
38.01893963205617 39.81071705534973 1 2.0
38.01893963205617 50.11872336272725 1 2.0
38.01893963205617 63.09573444801933 1 2.0
38.01893963205617 79.43282347242817 1 2.0
38.01893963205617 100.0 1 2.0
38.01893963205617 125.89254117941675 1 2.0
38.01893963205617 158.48931924611142 1 2.0
38.01893963205617 199.52623149688807 1 2.0
38.01893963205617 251.18864315095823 1 2.0
38.01893963205617 316.227766016838 1 2.0
38.01893963205617 398.1071705534973 1 2.0
38.01893963205617 501.18723362727246 1 2.0
38.01893963205617 630.9573444801937 1 2.0
38.01893963205617 794.3282347242822 4 
38.01893963205617 1000.0 4 
38.01893963205617 1258.9254117941675 4 
38.01893963205617 1584.893192461114 4 
38.01893963205617 1995.262314968881 4 
38.01893963205617 2511.886431509582 4 
38.01893963205617 3162.2776601683795 4 
38.01893963205617 3981.071705534973 4 
38.01893963205617 5011.872336272725 4 
38.01893963205617 6309.573444801937 4 
38.01893963205617 7943.282347242822 4 
38.90451449942811 1.0 0 1.0
38.90451449942811 1.2589254117941673 0 1.0
38.90451449942811 1.5848931924611136 0 1.0
38.90451449942811 1.99526231496888 0 1.0
38.90451449942811 2.51188643150958 0 1.0
38.90451449942811 3.1622776601683795 0 1.0
38.90451449942811 3.981071705534973 0 1.0
38.90451449942811 5.011872336272724 0 1.0
38.90451449942811 6.309573444801933 0 1.0
38.90451449942811 7.943282347242816 0 1.0
38.90451449942811 10.0 0 1.0
38.90451449942811 12.589254117941676 0 1.0
38.90451449942811 15.848931924611142 1 2.0
38.90451449942811 19.9526231496888 1 2.0
38.90451449942811 25.11886431509581 1 2.0
38.90451449942811 31.622776601683796 1 2.0
38.90451449942811 39.81071705534973 1 2.0
38.90451449942811 50.11872336272725 1 2.0
38.90451449942811 63.09573444801933 1 2.0
38.90451449942811 79.43282347242817 1 2.0
38.90451449942811 100.0 1 2.0
38.90451449942811 125.89254117941675 1 2.0
38.90451449942811 158.48931924611142 1 2.0
38.90451449942811 199.52623149688807 1 2.0
38.90451449942811 251.18864315095823 1 2.0
38.90451449942811 316.227766016838 1 2.0
38.90451449942811 398.1071705534973 1 2.0
38.90451449942811 501.18723362727246 1 2.0
38.90451449942811 630.9573444801937 4 
38.90451449942811 794.3282347242822 4 
38.90451449942811 1000.0 4 
38.90451449942811 1258.9254117941675 4 
38.90451449942811 1584.893192461114 4 
38.90451449942811 1995.262314968881 4 
38.90451449942811 2511.886431509582 4 
38.90451449942811 3162.2776601683795 4 
38.90451449942811 3981.071705534973 4 
38.90451449942811 5011.872336272725 4 
38.90451449942811 6309.573444801937 4 
38.90451449942811 7943.282347242822 4 
39.81071705534978 1.0 0 1.0
39.81071705534978 1.2589254117941673 0 1.0
39.81071705534978 1.5848931924611136 0 1.0
39.81071705534978 1.99526231496888 0 1.0
39.81071705534978 2.51188643150958 0 1.0
39.81071705534978 3.1622776601683795 0 1.0
39.81071705534978 3.981071705534973 0 1.0
39.81071705534978 5.011872336272724 0 1.0
39.81071705534978 6.309573444801933 0 1.0
39.81071705534978 7.943282347242816 0 1.0
39.81071705534978 10.0 0 1.0
39.81071705534978 12.589254117941676 0 1.0
39.81071705534978 15.848931924611142 1 2.0
39.81071705534978 19.9526231496888 1 2.0
39.81071705534978 25.11886431509581 0 1.0
39.81071705534978 31.622776601683796 0 1.0
39.81071705534978 39.81071705534973 1 2.0
39.81071705534978 50.11872336272725 1 2.0
39.81071705534978 63.09573444801933 1 2.0
39.81071705534978 79.43282347242817 1 2.0
39.81071705534978 100.0 1 2.0
39.81071705534978 125.89254117941675 1 2.0
39.81071705534978 158.48931924611142 1 2.0
39.81071705534978 199.52623149688807 1 2.0
39.81071705534978 251.18864315095823 1 2.0
39.81071705534978 316.227766016838 1 2.0
39.81071705534978 398.1071705534973 1 2.0
39.81071705534978 501.18723362727246 1 2.0
39.81071705534978 630.9573444801937 4 
39.81071705534978 794.3282347242822 4 
39.81071705534978 1000.0 4 
39.81071705534978 1258.9254117941675 4 
39.81071705534978 1584.893192461114 4 
39.81071705534978 1995.262314968881 4 
39.81071705534978 2511.886431509582 4 
39.81071705534978 3162.2776601683795 4 
39.81071705534978 3981.071705534973 4 
39.81071705534978 5011.872336272725 4 
39.81071705534978 6309.573444801937 4 
39.81071705534978 7943.282347242822 4 
