    0.0000  1  1   15.4882    9.2929    5.8875    2.9187    0.6763    0.5506    0.9130    0.8631    4.2999    3.6293  0.2088E+04  0.2994E+04  0.0000E+00  0.0000E+00  0.1000E-09  0.1000E-09  0.1000E-09  0.1000E-09  0.1226E+02  0.0000E+00
    0.0120  1  1   15.4882    9.2929    5.8875    2.9187    0.6763    0.5506    0.9146    0.8646    4.2999    3.6293  0.2295E+04  0.2654E+04  0.2216E-19 -0.6552E-19  0.1000E-09  0.1000E-09  0.1000E-09  0.1000E-09  0.1224E+02  0.0000E+00
    0.0239  1  1   15.4882    9.2929    5.8875    2.9187    0.6763    0.5506    0.9134    0.8635    4.2999    3.6293  0.2301E+04  0.2480E+04 -0.1484E-18  0.1483E-19  0.1000E-09  0.1000E-09  0.1000E-09  0.1000E-09  0.1226E+02  0.0000E+00
    0.0359  1  1   15.4882    9.2929    5.8875    2.9187    0.6763    0.5506    0.9127    0.8628    4.2999    3.6293  0.2296E+04  0.2390E+04  0.2217E-19 -0.6552E-19  0.1000E-09  0.1000E-09  0.1000E-09  0.1000E-09  0.1227E+02  0.0000E+00
    0.0479  1  1   15.4882    9.2929    5.8875    2.9187    0.6763    0.5506    0.9123    0.8624    4.2999    3.6293  0.2294E+04  0.2344E+04 -0.7421E-19  0.7403E-20  0.1000E-09  0.1000E-09  0.1000E-09  0.1000E-09  0.1227E+02  0.0000E+00
    0.0598  1  1   15.4882    9.2929    5.8875    2.9187    0.6763    0.5506    0.9121    0.8622    4.2999    3.6293  0.2292E+04  0.2319E+04  0.0000E+00  0.0000E+00  0.1000E-09  0.1000E-09  0.1000E-09  0.1000E-09  0.1228E+02  0.0000E+00
    0.0718  1  1   15.4882    9.2929    5.8875    2.9187    0.6763    0.5506    0.9119    0.8621    4.2999    3.6293  0.2291E+04  0.2306E+04  0.0000E+00  0.0000E+00  0.1000E-09  0.1000E-09  0.1000E-09  0.1000E-09  0.1228E+02  0.0000E+00
    0.0838  1  1   15.4882    9.2929    5.8875    2.9187    0.6763    0.5506    0.9119    0.8621    4.2999    3.6293  0.2291E+04  0.2299E+04  0.0000E+00  0.0000E+00  0.1000E-09  0.1000E-09  0.1000E-09  0.1000E-09  0.1228E+02  0.0000E+00
    0.0957  1  1   15.4882    9.2929    5.8875    2.9187    0.6763    0.5506    0.9119    0.8621    4.2999    3.6293  0.2291E+04  0.2295E+04 -0.7421E-19  0.7397E-20  0.1000E-09  0.1000E-09  0.1000E-09  0.1000E-09  0.1228E+02  0.0000E+00
    0.1077  1  1   15.4882    9.2929    5.8875    2.9187    0.6763    0.5506    0.9118    0.8620    4.2999    3.6293  0.2291E+04  0.2293E+04  0.0000E+00  0.0000E+00  0.1000E-09  0.1000E-09  0.1000E-09  0.1000E-09  0.1228E+02  0.0000E+00
    0.1197  1  1   15.4882    9.2929    5.8875    2.9187    0.6763    0.5506    0.9118    0.8620    4.2999    3.6293  0.2291E+04  0.2292E+04  0.0000E+00  0.0000E+00  0.1000E-09  0.1000E-09  0.1000E-09  0.1000E-09  0.1228E+02  0.0000E+00
    0.1316  1  1   15.4882    9.2929    5.8875    2.9187    0.6763    0.5506    0.9118    0.8620    4.2999    3.6293  0.2290E+04  0.2291E+04  0.0000E+00  0.0000E+00  0.1000E-09  0.1000E-09  0.1000E-09  0.1000E-09  0.1228E+02  0.0000E+00
    0.1436  1  1   15.4882    9.2929    5.8875    2.9187    0.6763    0.5506    0.9118    0.8620    4.2999    3.6293  0.2290E+04  0.2291E+04  0.0000E+00  0.0000E+00  0.1000E-09  0.1000E-09  0.1000E-09  0.1000E-09  0.1228E+02  0.0000E+00
    0.1556  1  1   15.4882    9.2929    5.8875    2.9187    0.6763    0.5506    0.9118    0.8620    4.2999    3.6293  0.2290E+04  0.2291E+04  0.1107E-19 -0.3276E-19  0.1000E-09  0.1000E-09  0.1000E-09  0.1000E-09  0.1228E+02  0.0000E+00
    0.1676  1  1   15.4882    9.2929    5.8875    2.9187    0.6763    0.5506    0.9118    0.8620    4.2999    3.6293  0.2290E+04  0.2291E+04  0.0000E+00  0.0000E+00  0.1000E-09  0.1000E-09  0.1000E-09  0.1000E-09  0.1228E+02  0.0000E+00
    0.1795  1  1   15.4882    9.2929    5.8875    2.9187    0.6763    0.5506    0.9118    0.8620    4.2999    3.6293  0.2290E+04  0.2290E+04 -0.7421E-19  0.7396E-20  0.1000E-09  0.1000E-09  0.1000E-09  0.1000E-09  0.1228E+02  0.0000E+00
    0.1915  1  1   15.4882    9.2929    5.8875    2.9187    0.6763    0.5506    0.9118    0.8620    4.2999    3.6293  0.2290E+04  0.2290E+04  0.0000E+00  0.0000E+00  0.1000E-09  0.1000E-09  0.1000E-09  0.1000E-09  0.1228E+02  0.0000E+00
    0.2035  1  1   15.4882    9.2929    5.8875    2.9187    0.6763    0.5506    0.9118    0.8620    4.2999    3.6293  0.2290E+04  0.2290E+04 -0.7421E-19  0.7396E-20  0.1000E-09  0.1000E-09  0.1000E-09  0.1000E-09  0.1228E+02  0.0000E+00
    0.2154  1  1   15.4882    9.2929    5.8875    2.9187    0.6763    0.5506    0.9118    0.8620    4.2999    3.6293  0.2290E+04  0.2290E+04  0.0000E+00  0.0000E+00  0.1000E-09  0.1000E-09  0.1000E-09  0.1000E-09  0.1228E+02  0.0000E+00
    0.2274  1  1   15.4882    9.2929    5.8875    2.9187    0.6763    0.5506    0.9118    0.8620    4.2999    3.6293  0.2290E+04  0.2290E+04  0.0000E+00  0.0000E+00  0.1000E-09  0.1000E-09  0.1000E-09  0.1000E-09  0.1228E+02  0.0000E+00
    0.2394  1  1   15.4882    9.2929    5.8875    2.9187    0.6763    0.5506    0.9118    0.8620    4.2999    3.6293  0.2290E+04  0.2290E+04  0.0000E+00  0.0000E+00  0.1000E-09  0.1000E-09  0.1000E-09  0.1000E-09  0.1228E+02  0.0000E+00
    0.2513  1  1   15.4882    9.2929    5.8875    2.9187    0.6763    0.5506    0.9118    0.8620    4.2999    3.6293  0.2290E+04  0.2290E+04 -0.7421E-19  0.7396E-20  0.1000E-09  0.1000E-09  0.1000E-09  0.1000E-09  0.1228E+02  0.0000E+00
    0.2633  1  1   15.4882    9.2929    5.8875    2.9187    0.6763    0.5506    0.9118    0.8620    4.2999    3.6293  0.2290E+04  0.2290E+04  0.0000E+00  0.0000E+00  0.1000E-09  0.1000E-09  0.1000E-09  0.1000E-09  0.1228E+02  0.0000E+00
    0.2753  1  1   15.4882    9.2929    5.8875    2.9187    0.6763    0.5506    0.9118    0.8620    4.2999    3.6293  0.2290E+04  0.2290E+04 -0.7421E-19  0.7396E-20  0.1000E-09  0.1000E-09  0.1000E-09  0.1000E-09  0.1228E+02  0.0000E+00
    0.2872  1  1   15.4882    9.2929    5.8875    2.9187    0.6763    0.5506    0.9118    0.8620    4.2999    3.6293  0.2290E+04  0.2290E+04  0.0000E+00  0.0000E+00  0.1000E-09  0.1000E-09  0.1000E-09  0.1000E-09  0.1228E+02  0.0000E+00
    0.2992  1  1   15.4882    9.2929    5.8875    2.9187    0.6763    0.5506    0.9118    0.8620    4.2999    3.6293  0.2290E+04  0.2290E+04  0.0000E+00  0.0000E+00  0.1000E-09  0.1000E-09  0.1000E-09  0.1000E-09  0.1228E+02  0.0000E+00
    0.3112  1  1   15.4882    9.2929    5.8875    2.9187    0.6763    0.5506    0.9118    0.8620    4.2999    3.6293  0.2290E+04  0.2290E+04  0.0000E+00  0.0000E+00  0.1000E-09  0.1000E-09  0.1000E-09  0.1000E-09  0.1228E+02  0.0000E+00
    0.3231  1  1   15.4882    9.2929    5.8875    2.9187    0.6763    0.5506    0.9118    0.8620    4.2999    3.6293  0.2290E+04  0.2290E+04  0.0000E+00  0.0000E+00  0.1000E-09  0.1000E-09  0.1000E-09  0.1000E-09  0.1228E+02  0.0000E+00
    0.3351  1  1   15.4882    9.2929    5.8875    2.9187    0.6763    0.5506    0.9118    0.8620    4.2999    3.6293  0.2290E+04  0.2290E+04  0.0000E+00  0.0000E+00  0.1000E-09  0.1000E-09  0.1000E-09  0.1000E-09  0.1228E+02  0.0000E+00
    0.3471  1  1   15.4882    9.2929    5.8875    2.9187    0.6763    0.5506    0.9118    0.8620    4.2999    3.6293  0.2290E+04  0.2290E+04  0.0000E+00  0.0000E+00  0.1000E-09  0.1000E-09  0.1000E-09  0.1000E-09  0.1228E+02  0.0000E+00
    0.3590  1  1   15.4882    9.2929    5.8875    2.9187    0.6763    0.5506    0.9118    0.8620    4.2999    3.6293  0.2290E+04  0.2290E+04  0.0000E+00  0.0000E+00  0.1000E-09  0.1000E-09  0.1000E-09  0.1000E-09  0.1228E+02  0.0000E+00
    0.3710  1  1   15.4882    9.2929    5.8875    2.9187    0.6763    0.5506    0.9118    0.8620    4.2999    3.6293  0.2290E+04  0.2290E+04  0.0000E+00  0.0000E+00  0.1000E-09  0.1000E-09  0.1000E-09  0.1000E-09  0.1228E+02  0.0000E+00
    0.3830  1  1   15.4882    9.2929    5.8875    2.9187    0.6763    0.5506    0.9118    0.8620    4.2999    3.6293  0.2290E+04  0.2290E+04  0.0000E+00  0.0000E+00  0.1000E-09  0.1000E-09  0.1000E-09  0.1000E-09  0.1228E+02  0.0000E+00
    0.3949  1  1   15.4882    9.2929    5.8875    2.9187    0.6763    0.5506    0.9118    0.8620    4.2999    3.6293  0.2290E+04  0.2290E+04  0.0000E+00  0.0000E+00  0.1000E-09  0.1000E-09  0.1000E-09  0.1000E-09  0.1228E+02  0.0000E+00
    0.4069  1  1   15.4882    9.2929    5.8875    2.9187    0.6763    0.5506    0.9118    0.8620    4.2999    3.6293  0.2290E+04  0.2290E+04  0.0000E+00  0.0000E+00  0.1000E-09  0.1000E-09  0.1000E-09  0.1000E-09  0.1228E+02  0.0000E+00
    0.4189  1  1   15.4882    9.2929    5.8875    2.9187    0.6763    0.5506    0.9118    0.8620    4.2999    3.6293  0.2290E+04  0.2290E+04  0.0000E+00  0.0000E+00  0.1000E-09  0.1000E-09  0.1000E-09  0.1000E-09  0.1228E+02  0.0000E+00
    0.4308  1  1   15.4882    9.2929    5.8875    2.9187    0.6763    0.5506    0.9118    0.8620    4.2999    3.6293  0.2290E+04  0.2290E+04  0.0000E+00  0.0000E+00  0.1000E-09  0.1000E-09  0.1000E-09  0.1000E-09  0.1228E+02  0.0000E+00
    0.4428  1  1   15.4882    9.2929    5.8875    2.9187    0.6763    0.5506    0.9118    0.8620    4.2999    3.6293  0.2290E+04  0.2290E+04  0.0000E+00  0.0000E+00  0.1000E-09  0.1000E-09  0.1000E-09  0.1000E-09  0.1228E+02  0.0000E+00
    0.4548  1  1   15.4882    9.2929    5.8875    2.9187    0.6763    0.5506    0.9118    0.8620    4.2999    3.6293  0.2290E+04  0.2290E+04  0.0000E+00  0.0000E+00  0.1000E-09  0.1000E-09  0.1000E-09  0.1000E-09  0.1228E+02  0.0000E+00
    0.4667  1  1   15.4882    9.2929    5.8875    2.9187    0.6763    0.5506    0.9118    0.8620    4.2999    3.6293  0.2290E+04  0.2290E+04  0.0000E+00  0.0000E+00  0.1000E-09  0.1000E-09  0.1000E-09  0.1000E-09  0.1228E+02  0.0000E+00
    0.4787  1  1   15.4882    9.2929    5.8875    2.9187    0.6763    0.5506    0.9118    0.8620    4.2999    3.6293  0.2290E+04  0.2290E+04  0.0000E+00  0.0000E+00  0.1000E-09  0.1000E-09  0.1000E-09  0.1000E-09  0.1228E+02  0.0000E+00
    0.4907  1  1   15.4882    9.2929    5.8875    2.9187    0.6763    0.5506    0.9118    0.8620    4.2999    3.6293  0.2290E+04  0.2290E+04  0.0000E+00  0.0000E+00  0.1000E-09  0.1000E-09  0.1000E-09  0.1000E-09  0.1228E+02  0.0000E+00
    0.5027  1  1   15.4882    9.2929    5.8875    2.9187    0.6763    0.5506    0.9118    0.8620    4.2999    3.6293  0.2290E+04  0.2290E+04  0.0000E+00  0.0000E+00  0.1000E-09  0.1000E-09  0.1000E-09  0.1000E-09  0.1228E+02  0.0000E+00
    0.5146  1  1   15.4882    9.2929    5.8875    2.9187    0.6763    0.5506    0.9118    0.8620    4.2999    3.6293  0.2290E+04  0.2290E+04  0.0000E+00  0.0000E+00  0.1000E-09  0.1000E-09  0.1000E-09  0.1000E-09  0.1228E+02  0.0000E+00
    0.5266  1  1   15.4882    9.2929    5.8875    2.9187    0.6763    0.5506    0.9118    0.8620    4.2999    3.6293  0.2290E+04  0.2290E+04  0.0000E+00  0.0000E+00  0.1000E-09  0.1000E-09  0.1000E-09  0.1000E-09  0.1228E+02  0.0000E+00
    0.5386  1  1   15.4881    9.2929    5.8875    2.9187    0.6765    0.5506    0.9122    0.8620    4.3001    3.6293  0.2288E+04  0.2290E+04 -0.2013E-08  0.2006E-09  0.1000E-09  0.1000E-09  0.1000E-09  0.1000E-09  0.1228E+02  0.0000E+00
    0.5505  1  1   15.4881    9.2929    5.8875    2.9187    0.6768    0.5506    0.9130    0.8621    4.3004    3.6293  0.2287E+04  0.2290E+04 -0.5626E-08  0.5609E-09  0.1000E-09  0.1000E-09  0.1000E-09  0.1000E-09  0.1228E+02  0.0000E+00
    0.5625  1  1   15.4880    9.2929    5.8875    2.9187    0.6772    0.5506    0.9138    0.8621    4.3007    3.6293  0.2287E+04  0.2291E+04 -0.7160E-08  0.7145E-09  0.1000E-09  0.1000E-09  0.1000E-09  0.1000E-09  0.1228E+02  0.0000E+00
    0.5745  1  1   15.4878    9.2929    5.8875    2.9187    0.6776    0.5506    0.9148    0.8622    4.3011    3.6293  0.2286E+04  0.2291E+04 -0.1429E-07  0.1427E-08  0.1000E-09  0.1000E-09  0.1000E-09  0.1000E-09  0.1228E+02  0.0000E+00
    0.5864  1  1   15.4876    9.2930    5.8875    2.9187    0.6780    0.5506    0.9157    0.8623    4.3014    3.6293  0.2287E+04  0.2291E+04 -0.2080E-07  0.2079E-08  0.1000E-09  0.1000E-09  0.1000E-09  0.1000E-09  0.1228E+02  0.0000E+00
    0.5984  1  1   15.4874    9.2930    5.8875    2.9187    0.6783    0.5506    0.9165    0.8624    4.3018    3.6293  0.2287E+04  0.2291E+04 -0.1645E-07  0.1646E-08  0.1000E-09  0.1000E-09  0.1000E-09  0.1000E-09  0.1228E+02  0.0000E+00
    0.6104  1  1   15.4872    9.2930    5.8875    2.9187    0.6787    0.5506    0.9174    0.8624    4.3021    3.6293  0.2288E+04  0.2292E+04 -0.1058E-07  0.1060E-08  0.1000E-09  0.1000E-09  0.1000E-09  0.1000E-09  0.1227E+02  0.0000E+00
    0.6223  1  1   15.4871    9.2930    5.8875    2.9187    0.6790    0.5506    0.9181    0.8625    4.3024    3.6293  0.2289E+04  0.2292E+04 -0.8037E-08  0.8056E-09  0.1000E-09  0.1000E-09  0.1000E-09  0.1000E-09  0.1227E+02  0.0000E+00
    0.6343  1  1   15.4871    9.2930    5.8875    2.9187    0.6793    0.5506    0.9189    0.8626    4.3027    3.6293  0.2289E+04  0.2292E+04 -0.7713E-08  0.7737E-09  0.1000E-09  0.1000E-09  0.1000E-09  0.1000E-09  0.1227E+02  0.0000E+00
    0.6463  1  1   15.4870    9.2930    5.8875    2.9187    0.6797    0.5506    0.9197    0.8627    4.3030    3.6293  0.2289E+04  0.2293E+04 -0.7713E-08  0.7744E-09  0.1000E-09  0.1000E-09  0.1000E-09  0.1000E-09  0.1227E+02  0.0000E+00
    0.6582  1  1   15.4869    9.2930    5.8875    2.9187    0.6800    0.5506    0.9205    0.8627    4.3034    3.6293  0.2289E+04  0.2293E+04 -0.7703E-08  0.7740E-09  0.1000E-09  0.1000E-09  0.1000E-09  0.1000E-09  0.1227E+02  0.0000E+00
    0.6702  1  1   15.4868    9.2930    5.8875    2.9187    0.6803    0.5506    0.9213    0.8628    4.3037    3.6293  0.2290E+04  0.2293E+04 -0.7625E-08  0.7668E-09  0.1000E-09  0.1000E-09  0.1000E-09  0.1000E-09  0.1227E+02  0.0000E+00
    0.6822  1  1   15.4867    9.2930    5.8875    2.9187    0.6807    0.5506    0.9220    0.8629    4.3040    3.6293  0.2290E+04  0.2293E+04 -0.7558E-08  0.7606E-09  0.1000E-09  0.1000E-09  0.1000E-09  0.1000E-09  0.1227E+02  0.0000E+00
    0.6941  1  1   15.4866    9.2931    5.8875    2.9187    0.6810    0.5506    0.9228    0.8630    4.3043    3.6293  0.2290E+04  0.2294E+04 -0.7558E-08  0.7612E-09  0.1000E-09  0.1000E-09  0.1000E-09  0.1000E-09  0.1227E+02  0.0000E+00
    0.7061  1  1   15.4865    9.2931    5.8875    2.9187    0.6813    0.5506    0.9236    0.8630    4.3046    3.6293  0.2291E+04  0.2294E+04 -0.7558E-08  0.7618E-09  0.1000E-09  0.1000E-09  0.1000E-09  0.1000E-09  0.1227E+02  0.0000E+00
    0.7181  1  1   15.4864    9.2931    5.8875    2.9187    0.6816    0.5506    0.9243    0.8631    4.3049    3.6293  0.2291E+04  0.2294E+04 -0.7558E-08  0.7624E-09  0.1000E-09  0.1000E-09  0.1000E-09  0.1000E-09  0.1226E+02  0.0000E+00
    0.7300  1  1   15.4863    9.2931    5.8875    2.9187    0.6819    0.5506    0.9250    0.8632    4.3053    3.6293  0.2291E+04  0.2295E+04 -0.7594E-08  0.7666E-09  0.1000E-09  0.1000E-09  0.1000E-09  0.1000E-09  0.1226E+02  0.0000E+00
    0.7420  1  1   15.4862    9.2931    5.8875    2.9187    0.6822    0.5506    0.9258    0.8632    4.3056    3.6293  0.2292E+04  0.2295E+04 -0.7630E-08  0.7708E-09  0.1000E-09  0.1000E-09  0.1000E-09  0.1000E-09  0.1226E+02  0.0000E+00
    0.7540  1  1   15.4861    9.2931    5.8875    2.9187    0.6825    0.5506    0.9265    0.8633    4.3059    3.6293  0.2292E+04  0.2295E+04 -0.7630E-08  0.7714E-09  0.1000E-09  0.1000E-09  0.1000E-09  0.1000E-09  0.1226E+02  0.0000E+00
    0.7659  1  1   15.4861    9.2931    5.8875    2.9187    0.6829    0.5506    0.9273    0.8634    4.3062    3.6293  0.2292E+04  0.2295E+04 -0.7630E-08  0.7720E-09  0.1000E-09  0.1000E-09  0.1000E-09  0.1000E-09  0.1226E+02  0.0000E+00
    0.7779  1  1   15.4860    9.2931    5.8875    2.9187    0.6832    0.5506    0.9280    0.8635    4.3065    3.6293  0.2293E+04  0.2296E+04 -0.7630E-08  0.7726E-09  0.1000E-09  0.1000E-09  0.1000E-09  0.1000E-09  0.1226E+02  0.0000E+00
    0.7899  1  1   15.4859    9.2931    5.8875    2.9187    0.6835    0.5506    0.9287    0.8635    4.3069    3.6293  0.2293E+04  0.2296E+04 -0.7589E-08  0.7690E-09  0.1000E-09  0.1000E-09  0.1000E-09  0.1000E-09  0.1226E+02  0.0000E+00
    0.8018  1  1   15.4858    9.2931    5.8875    2.9187    0.6838    0.5506    0.9294    0.8636    4.3072    3.6293  0.2293E+04  0.2296E+04 -0.7542E-08  0.7648E-09  0.1000E-09  0.1000E-09  0.1000E-09  0.1000E-09  0.1226E+02  0.0000E+00
    0.8138  1  1   15.4857    9.2931    5.8875    2.9187    0.6841    0.5506    0.9301    0.8637    4.3075    3.6293  0.2293E+04  0.2297E+04 -0.7537E-08  0.7648E-09  0.1000E-09  0.1000E-09  0.1000E-09  0.1000E-09  0.1226E+02  0.0000E+00
    0.8258  1  1   15.4856    9.2932    5.8875    2.9187    0.6844    0.5506    0.9309    0.8637    4.3078    3.6293  0.2294E+04  0.2297E+04 -0.7537E-08  0.7653E-09  0.1000E-09  0.1000E-09  0.1000E-09  0.1000E-09  0.1226E+02  0.0000E+00
    0.8378  1  1   15.4855    9.2932    5.8875    2.9187    0.6847    0.5506    0.9316    0.8638    4.3081    3.6293  0.2294E+04  0.2297E+04 -0.7537E-08  0.7659E-09  0.1000E-09  0.1000E-09  0.1000E-09  0.1000E-09  0.1225E+02  0.0000E+00
    0.8497  1  1   15.4854    9.2932    5.8875    2.9187    0.6850    0.5506    0.9323    0.8639    4.3084    3.6293  0.2294E+04  0.2297E+04 -0.7721E-08  0.7852E-09  0.1000E-09  0.1000E-09  0.1000E-09  0.1000E-09  0.1225E+02  0.0000E+00
    0.8617  1  1   15.4853    9.2932    5.8875    2.9187    0.6853    0.5506    0.9330    0.8639    4.3088    3.6293  0.2295E+04  0.2298E+04 -0.7946E-08  0.8086E-09  0.1000E-09  0.1000E-09  0.1000E-09  0.1000E-09  0.1225E+02  0.0000E+00
    0.8737  1  1   15.4852    9.2932    5.8875    2.9187    0.6855    0.5506    0.9337    0.8640    4.3091    3.6293  0.2295E+04  0.2298E+04 -0.7985E-08  0.8132E-09  0.1000E-09  0.1000E-09  0.1000E-09  0.1000E-09  0.1225E+02  0.0000E+00
    0.8856  1  1   15.4851    9.2932    5.8875    2.9187    0.6858    0.5506    0.9344    0.8641    4.3094    3.6293  0.2295E+04  0.2298E+04 -0.7985E-08  0.8138E-09  0.1000E-09  0.1000E-09  0.1000E-09  0.1000E-09  0.1225E+02  0.0000E+00
    0.8976  1  1   15.4850    9.2932    5.8875    2.9187    0.6861    0.5506    0.9351    0.8641    4.3097    3.6293  0.2295E+04  0.2298E+04 -0.7922E-08  0.8079E-09  0.1000E-09  0.1000E-09  0.1000E-09  0.1000E-09  0.1225E+02  0.0000E+00
    0.9096  1  1   15.4849    9.2932    5.8875    2.9187    0.6864    0.5506    0.9358    0.8642    4.3100    3.6293  0.2296E+04  0.2299E+04 -0.7672E-08  0.7830E-09  0.1000E-09  0.1000E-09  0.1000E-09  0.1000E-09  0.1225E+02  0.0000E+00
    0.9215  1  1   15.4849    9.2932    5.8875    2.9187    0.6867    0.5506    0.9365    0.8643    4.3103    3.6293  0.2296E+04  0.2299E+04 -0.7486E-08  0.7646E-09  0.1000E-09  0.1000E-09  0.1000E-09  0.1000E-09  0.1225E+02  0.0000E+00
    0.9335  1  1   15.4848    9.2932    5.8875    2.9187    0.6870    0.5506    0.9372    0.8643    4.3107    3.6293  0.2296E+04  0.2299E+04 -0.7486E-08  0.7651E-09  0.1000E-09  0.1000E-09  0.1000E-09  0.1000E-09  0.1225E+02  0.0000E+00
    0.9455  1  1   15.4847    9.2933    5.8875    2.9187    0.6873    0.5506    0.9379    0.8644    4.3110    3.6293  0.2297E+04  0.2300E+04 -0.7486E-08  0.7656E-09  0.1000E-09  0.1000E-09  0.1000E-09  0.1000E-09  0.1225E+02  0.0000E+00
    0.9574  1  1   15.4846    9.2933    5.8875    2.9187    0.6876    0.5506    0.9386    0.8645    4.3113    3.6293  0.2297E+04  0.2300E+04 -0.7486E-08  0.7662E-09  0.1000E-09  0.1000E-09  0.1000E-09  0.1000E-09  0.1225E+02  0.0000E+00
    0.9694  1  1   15.4845    9.2933    5.8875    2.9187    0.6879    0.5506    0.9393    0.8645    4.3116    3.6293  0.2297E+04  0.2300E+04 -0.7665E-08  0.7850E-09  0.1000E-09  0.1000E-09  0.1000E-09  0.1000E-09  0.1224E+02  0.0000E+00
    0.9814  1  1   15.4844    9.2933    5.8875    2.9187    0.6881    0.5506    0.9400    0.8646    4.3119    3.6293  0.2297E+04  0.2300E+04 -0.7877E-08  0.8073E-09  0.1000E-09  0.1000E-09  0.1000E-09  0.1000E-09  0.1224E+02  0.0000E+00
    0.9933  1  1   15.4843    9.2933    5.8875    2.9187    0.6884    0.5506    0.9407    0.8647    4.3122    3.6293  0.2298E+04  0.2301E+04 -0.7909E-08  0.8111E-09  0.1000E-09  0.1000E-09  0.1000E-09  0.1000E-09  0.1224E+02  0.0000E+00
    1.0053  1  1   15.4842    9.2933    5.8875    2.9187    0.6887    0.5506    0.9414    0.8647    4.3126    3.6293  0.2298E+04  0.2301E+04 -0.7909E-08  0.8117E-09  0.1000E-09  0.1000E-09  0.1000E-09  0.1000E-09  0.1224E+02  0.0000E+00
    1.0173  1  1   15.4841    9.2933    5.8875    2.9187    0.6890    0.5506    0.9421    0.8648    4.3129    3.6293  0.2298E+04  0.2301E+04 -0.7909E-08  0.8123E-09  0.1000E-09  0.1000E-09  0.1000E-09  0.1000E-09  0.1224E+02  0.0000E+00
    1.0292  1  1   15.4840    9.2933    5.8875    2.9187    0.6893    0.5506    0.9427    0.8649    4.3132    3.6293  0.2299E+04  0.2301E+04 -0.7853E-08  0.8071E-09  0.1000E-09  0.1000E-09  0.1000E-09  0.1000E-09  0.1224E+02  0.0000E+00
    1.0412  1  1   15.4839    9.2933    5.8875    2.9187    0.6896    0.5506    0.9434    0.8649    4.3135    3.6293  0.2299E+04  0.2302E+04 -0.7792E-08  0.8013E-09  0.1000E-09  0.1000E-09  0.1000E-09  0.1000E-09  0.1224E+02  0.0000E+00
    1.0532  1  1   15.4838    9.2933    5.8875    2.9187    0.6898    0.5506    0.9441    0.8650    4.3138    3.6293  0.2299E+04  0.2302E+04 -0.7786E-08  0.8012E-09  0.1000E-09  0.1000E-09  0.1000E-09  0.1000E-09  0.1224E+02  0.0000E+00
    1.0651  1  1   15.4837    9.2933    5.8875    2.9187    0.6901    0.5506    0.9448    0.8651    4.3141    3.6293  0.2299E+04  0.2302E+04 -0.7786E-08  0.8018E-09  0.1000E-09  0.1000E-09  0.1000E-09  0.1000E-09  0.1224E+02  0.0000E+00
    1.0771  1  1   15.4837    9.2934    5.8875    2.9187    0.6904    0.5506    0.9455    0.8651    4.3145    3.6293  0.2300E+04  0.2302E+04 -0.7788E-08  0.8025E-09  0.1000E-09  0.1000E-09  0.1000E-09  0.1000E-09  0.1224E+02  0.0000E+00
    1.0891  1  1   15.4836    9.2934    5.8875    2.9187    0.6907    0.5506    0.9461    0.8652    4.3148    3.6293  0.2300E+04  0.2303E+04 -0.7908E-08  0.8154E-09  0.1000E-09  0.1000E-09  0.1000E-09  0.1000E-09  0.1223E+02  0.0000E+00
    1.1010  1  1   15.4835    9.2934    5.8875    2.9187    0.6909    0.5506    0.9468    0.8653    4.3151    3.6293  0.2300E+04  0.2303E+04 -0.8027E-08  0.8282E-09  0.1000E-09  0.1000E-09  0.1000E-09  0.1000E-09  0.1223E+02  0.0000E+00
    1.1130  1  1   15.4834    9.2934    5.8875    2.9187    0.6912    0.5506    0.9475    0.8653    4.3154    3.6293  0.2300E+04  0.2303E+04 -0.8027E-08  0.8287E-09  0.1000E-09  0.1000E-09  0.1000E-09  0.1000E-09  0.1223E+02  0.0000E+00
    1.1250  1  1   15.4833    9.2934    5.8875    2.9187    0.6915    0.5506    0.9481    0.8654    4.3157    3.6293  0.2301E+04  0.2304E+04 -0.8027E-08  0.8293E-09  0.1000E-09  0.1000E-09  0.1000E-09  0.1000E-09  0.1223E+02  0.0000E+00
    1.1369  1  1   15.4832    9.2934    5.8875    2.9187    0.6918    0.5506    0.9488    0.8654    4.3160    3.6293  0.2301E+04  0.2304E+04 -0.8031E-08  0.8303E-09  0.1000E-09  0.1000E-09  0.1000E-09  0.1000E-09  0.1223E+02  0.0000E+00
    1.1489  1  1   15.4831    9.2934    5.8875    2.9187    0.6920    0.5506    0.9495    0.8655    4.3164    3.6293  0.2301E+04  0.2304E+04 -0.8059E-08  0.8338E-09  0.1000E-09  0.1000E-09  0.1000E-09  0.1000E-09  0.1223E+02  0.0000E+00
    1.1609  1  1   15.4830    9.2934    5.8875    2.9187    0.6923    0.5506    0.9502    0.8656    4.3167    3.6293  0.2301E+04  0.2304E+04 -0.8084E-08  0.8368E-09  0.1000E-09  0.1000E-09  0.1000E-09  0.1000E-09  0.1223E+02  0.0000E+00
    1.1729  1  1   15.4829    9.2934    5.8875    2.9187    0.6926    0.5506    0.9508    0.8656    4.3170    3.6293  0.2302E+04  0.2305E+04 -0.8084E-08  0.8374E-09  0.1000E-09  0.1000E-09  0.1000E-09  0.1000E-09  0.1223E+02  0.0000E+00
    1.1848  1  1   15.4828    9.2934    5.8875    2.9187    0.6928    0.5506    0.9515    0.8657    4.3173    3.6293  0.2302E+04  0.2305E+04 -0.8084E-08  0.8379E-09  0.1000E-09  0.1000E-09  0.1000E-09  0.1000E-09  0.1223E+02  0.0000E+00
    1.1968  1  1   15.4827    9.2935    5.8875    2.9187    0.6931    0.5506    0.9522    0.8658    4.3176    3.6293  0.2302E+04  0.2305E+04 -0.8061E-08  0.8361E-09  0.1000E-09  0.1000E-09  0.1000E-09  0.1000E-09  0.1223E+02  0.0000E+00
    1.2088  1  1   15.4826    9.2935    5.8875    2.9187    0.6934    0.5506    0.9528    0.8658    4.3180    3.6293  0.2303E+04  0.2305E+04 -0.7989E-08  0.8292E-09  0.1000E-09  0.1000E-09  0.1000E-09  0.1000E-09  0.1223E+02  0.0000E+00
    1.2207  1  1   15.4825    9.2935    5.8875    2.9187    0.6936    0.5506    0.9535    0.8659    4.3183    3.6293  0.2303E+04  0.2306E+04 -0.7939E-08  0.8246E-09  0.1000E-09  0.1000E-09  0.1000E-09  0.1000E-09  0.1222E+02  0.0000E+00
    1.2327  1  1   15.4824    9.2935    5.8875    2.9187    0.6939    0.5506    0.9541    0.8660    4.3186    3.6293  0.2303E+04  0.2306E+04 -0.7939E-08  0.8251E-09  0.1000E-09  0.1000E-09  0.1000E-09  0.1000E-09  0.1222E+02  0.0000E+00
    1.2447  1  1   15.4823    9.2935    5.8875    2.9187    0.6942    0.5506    0.9548    0.8660    4.3189    3.6293  0.2303E+04  0.2306E+04 -0.7939E-08  0.8257E-09  0.1000E-09  0.1000E-09  0.1000E-09  0.1000E-09  0.1222E+02  0.0000E+00
    1.2566  1  1   15.4822    9.2935    5.8875    2.9187    0.6944    0.5506    0.9554    0.8661    4.3192    3.6293  0.2304E+04  0.2306E+04 -0.7952E-08  0.8275E-09  0.1000E-09  0.1000E-09  0.1000E-09  0.1000E-09  0.1222E+02  0.0000E+00
    1.2686  1  1   15.4821    9.2935    5.8875    2.9187    0.6947    0.5506    0.9561    0.8662    4.3195    3.6293  0.2304E+04  0.2307E+04 -0.8084E-08  0.8418E-09  0.1000E-09  0.1000E-09  0.1000E-09  0.1000E-09  0.1222E+02  0.0000E+00
    1.2806  1  1   15.4820    9.2935    5.8875    2.9187    0.6950    0.5506    0.9567    0.8662    4.3199    3.6293  0.2304E+04  0.2307E+04 -0.8203E-08  0.8547E-09  0.1000E-09  0.1000E-09  0.1000E-09  0.1000E-09  0.1222E+02  0.0000E+00
    1.2925  1  1   15.4819    9.2935    5.8875    2.9187    0.6952    0.5506    0.9574    0.8663    4.3202    3.6293  0.2304E+04  0.2307E+04 -0.8203E-08  0.8553E-09  0.1000E-09  0.1000E-09  0.1000E-09  0.1000E-09  0.1222E+02  0.0000E+00
    1.3045  1  1   15.4818    9.2935    5.8875    2.9187    0.6955    0.5506    0.9581    0.8663    4.3205    3.6293  0.2305E+04  0.2307E+04 -0.8203E-08  0.8558E-09  0.1000E-09  0.1000E-09  0.1000E-09  0.1000E-09  0.1222E+02  0.0000E+00
    1.3053  1  1   15.5133    9.2006    5.9045    2.9187    0.6959    0.5506    0.9581    0.8703    4.3224    3.6293  0.2323E+04  0.2114E+04  0.3870E-04 -0.1141E-03  0.1000E-09  0.1000E-09  0.1000E-09  0.1000E-09  0.1220E+02  0.0000E+00
    1.3173  1  1   15.5132    9.2006    5.9045    2.9187    0.6962    0.5506    0.9591    0.8707    4.3228    3.6293  0.2307E+04  0.2213E+04 -0.8373E-08  0.8594E-09  0.1000E-09  0.1000E-09  0.1000E-09  0.1000E-09  0.1219E+02  0.0000E+00
    1.3412  1  1   15.5130    9.2006    5.9045    2.9187    0.6967    0.5508    0.9609    0.8716    4.3234    3.6295  0.4207E-11  0.1260E-10 -0.8112E-08  0.6857E-09  0.1000E-09  0.1000E-09  0.1000E-09  0.1000E-09  0.1219E+02  0.0000E+00
    1.3444  1  1   15.5130    9.2006    5.9045    2.9187    0.6968    0.5509    1.0006    0.9076    4.3235    3.6295  0.1561E+04  0.3244E+03  0.0000E+00  0.0000E+00  0.1000E-09  0.1000E-09  0.1000E-09  0.1000E-09  0.1170E+02  0.0000E+00
    1.3444  1  1   15.5130    9.2006    5.9045    2.9187    0.6968    0.5509    1.0007    0.9077    4.3235    3.6295  0.1565E+04  0.3253E+03 -0.8168E-08  0.6733E-09  0.1000E-09  0.1000E-09  0.1000E-09  0.1000E-09  0.1170E+02  0.0000E+00
    1.3445  1  1   15.5130    9.2006    5.9045    2.9187    0.6968    0.5509    1.0008    0.9078    4.3235    3.6295  0.1568E+04  0.3270E+03 -0.8168E-08  0.6733E-09  0.1000E-09  0.1000E-09  0.1000E-09  0.1000E-09  0.1170E+02  0.0000E+00
    1.3445  1  1   15.5130    9.2006    5.9045    2.9187    0.6968    0.5509    1.0010    0.9079    4.3235    3.6295  0.1576E+04  0.3303E+03 -0.8168E-08  0.6733E-09  0.1000E-09  0.1000E-09  0.1000E-09  0.1000E-09  0.1170E+02  0.0000E+00
    1.3445  1  1   15.5130    9.2006    5.9045    2.9187    0.6968    0.5509    1.0014    0.9083    4.3235    3.6295  0.1590E+04  0.3371E+03 -0.8168E-08  0.6733E-09  0.1000E-09  0.1000E-09  0.1000E-09  0.1000E-09  0.1169E+02  0.0000E+00
    1.3446  1  1   15.5130    9.2006    5.9045    2.9187    0.6968    0.5509    1.0021    0.9090    4.3235    3.6295  0.1619E+04  0.3506E+03 -0.8168E-08  0.6733E-09  0.1000E-09  0.1000E-09  0.1000E-09  0.1000E-09  0.1169E+02  0.0000E+00
    1.3448  1  1   15.5130    9.2006    5.9045    2.9187    0.6968    0.5509    1.0036    0.9103    4.3235    3.6295  0.1675E+04  0.3776E+03 -0.8169E-08  0.6737E-09  0.1000E-09  0.1000E-09  0.1000E-09  0.1000E-09  0.1167E+02  0.0000E+00
    1.3453  1  1   15.5130    9.2006    5.9045    2.9187    0.6968    0.5509    1.0064    0.9129    4.3235    3.6295  0.1782E+04  0.4317E+03 -0.8171E-08  0.6761E-09  0.1000E-09  0.1000E-09  0.1000E-09  0.1000E-09  0.1164E+02  0.0000E+00
    1.3461  1  1   15.5130    9.2006    5.9045    2.9187    0.6968    0.5509    1.0115    0.9175    4.3235    3.6295  0.1971E+04  0.5397E+03 -0.8187E-08  0.6916E-09  0.1000E-09  0.1000E-09  0.1000E-09  0.1000E-09  0.1158E+02  0.0000E+00
    1.3477  1  1   15.5130    9.2006    5.9045    2.9187    0.6968    0.5509    1.0197    0.9248    4.3236    3.6296  0.2263E+04  0.7535E+03 -0.8279E-08  0.7830E-09  0.1000E-09  0.1000E-09  0.1000E-09  0.1000E-09  0.1149E+02  0.0000E+00
    1.3510  1  1   15.5130    9.2006    5.9045    2.9187    0.6969    0.5510    1.0296    0.9338    4.3237    3.6296  0.2569E+04  0.1163E+04 -0.8718E-08  0.1221E-08  0.1000E-09  0.1000E-09  0.1000E-09  0.1000E-09  0.1138E+02  0.0000E+00
    1.3574  1  1   15.5129    9.2007    5.9045    2.9187    0.6970    0.5510    1.0358    0.9392    4.3238    3.6297  0.2594E+04  0.1855E+04 -0.1002E-07  0.2522E-08  0.1000E-09  0.1000E-09  0.1000E-09  0.1000E-09  0.1131E+02  0.0000E+00
    1.3694  1  1       NaN       NaN    5.9045    2.9187    0.6973    0.5512       NaN       NaN    4.3241    3.6298         NaN         NaN         NaN         NaN  0.1000E-09  0.1000E-09  0.1000E-09  0.1000E-09         NaN  0.0000E+00
13700.0000 13 13    1.8426    1.2600    1.8426    1.2600   -4.8539   -4.8539       NaN       NaN   -9.7938   -9.9033  0.1319E+01  0.2000E+09  0.0000E+00 -0.0000E+00  0.1000E-09  0.1000E-09  0.1000E-09  0.1000E-09         NaN         NaN
   -1.0000 13 13    1.8426    1.2600    1.8426    1.2600   -4.8539   -4.8539       NaN       NaN   -9.7938   -9.9033  0.1319E+01  0.2000E+09  0.0000E+00 -0.0000E+00  0.1000E-09  0.1000E-09  0.1000E-09  0.1000E-09         NaN         NaN
