    0.0000  1  1   30.0000   25.0000   13.1364   10.9667    0.8588    0.7936    0.5499    0.5144    5.1668    4.8696  0.1244E+04  0.1485E+04  0.0000E+00  0.0000E+00  0.1000E-09  0.1000E-09  0.1000E-09  0.1000E-09  0.3328E+02  0.0000E+00
    0.0050  1  1   30.0000   25.0000   13.1364   10.9667    0.8588    0.7936    0.5496    0.5141    5.1668    4.8696  0.1217E+04  0.1466E+04 -0.7054E-18  0.6639E-19  0.1000E-09  0.1000E-09  0.1000E-09  0.1000E-09  0.3330E+02  0.0000E+00
    0.0101  1  1   30.0000   25.0000   13.1364   10.9667    0.8588    0.7936    0.5493    0.5138    5.1668    4.8696  0.1192E+04  0.1449E+04 -0.7054E-18  0.6635E-19  0.1000E-09  0.1000E-09  0.1000E-09  0.1000E-09  0.3332E+02  0.0000E+00
    0.0151  1  1   30.0000   25.0000   13.1364   10.9667    0.8588    0.7936    0.5490    0.5135    5.1668    4.8696  0.1168E+04  0.1431E+04 -0.3527E-18  0.3315E-19  0.1000E-09  0.1000E-09  0.1000E-09  0.1000E-09  0.3333E+02  0.0000E+00
    0.0201  1  1   30.0000   25.0000   13.1364   10.9667    0.8588    0.7936    0.5487    0.5133    5.1668    4.8696  0.1146E+04  0.1414E+04 -0.3527E-18  0.3313E-19  0.1000E-09  0.1000E-09  0.1000E-09  0.1000E-09  0.3335E+02  0.0000E+00
    0.0252  1  1   30.0000   25.0000   13.1364   10.9667    0.8588    0.7936    0.5484    0.5130    5.1668    4.8696  0.1125E+04  0.1398E+04  0.0000E+00  0.0000E+00  0.1000E-09  0.1000E-09  0.1000E-09  0.1000E-09  0.3336E+02  0.0000E+00
    0.0302  1  1   30.0000   25.0000   13.1364   10.9667    0.8588    0.7936    0.5482    0.5128    5.1668    4.8696  0.1105E+04  0.1382E+04  0.0000E+00  0.0000E+00  0.1000E-09  0.1000E-09  0.1000E-09  0.1000E-09  0.3338E+02  0.0000E+00
    0.0353  1  1   30.0000   25.0000   13.1364   10.9667    0.8588    0.7936    0.5480    0.5126    5.1668    4.8696  0.1087E+04  0.1367E+04  0.3685E-19 -0.2635E-18  0.1000E-09  0.1000E-09  0.1000E-09  0.1000E-09  0.3339E+02  0.0000E+00
    0.0403  1  1   30.0000   25.0000   13.1364   10.9667    0.8588    0.7936    0.5477    0.5124    5.1668    4.8696  0.1069E+04  0.1352E+04  0.0000E+00  0.0000E+00  0.1000E-09  0.1000E-09  0.1000E-09  0.1000E-09  0.3341E+02  0.0000E+00
    0.0453  1  1   30.0000   25.0000   13.1364   10.9667    0.8588    0.7936    0.5475    0.5122    5.1668    4.8696  0.1053E+04  0.1337E+04 -0.3159E-18 -0.2304E-18  0.1000E-09  0.1000E-09  0.1000E-09  0.1000E-09  0.3342E+02  0.0000E+00
    0.0504  1  1   30.0000   25.0000   13.1364   10.9667    0.8588    0.7936    0.5473    0.5120    5.1668    4.8696  0.1037E+04  0.1323E+04  0.3680E-19 -0.2635E-18  0.1000E-09  0.1000E-09  0.1000E-09  0.1000E-09  0.3343E+02  0.0000E+00
    0.0554  1  1   30.0000   25.0000   13.1364   10.9667    0.8588    0.7936    0.5471    0.5118    5.1668    4.8696  0.1022E+04  0.1309E+04 -0.3527E-18  0.3303E-19  0.1000E-09  0.1000E-09  0.1000E-09  0.1000E-09  0.3345E+02  0.0000E+00
    0.0604  1  1   30.0000   25.0000   13.1364   10.9667    0.8588    0.7936    0.5469    0.5116    5.1668    4.8696  0.1008E+04  0.1296E+04  0.0000E+00  0.0000E+00  0.1000E-09  0.1000E-09  0.1000E-09  0.1000E-09  0.3346E+02  0.0000E+00
    0.0655  1  1   30.0000   25.0000   13.1364   10.9667    0.8588    0.7936    0.5468    0.5115    5.1668    4.8696  0.9948E+03  0.1282E+04  0.0000E+00  0.0000E+00  0.1000E-09  0.1000E-09  0.1000E-09  0.1000E-09  0.3347E+02  0.0000E+00
    0.0705  1  1   30.0000   25.0000   13.1364   10.9667    0.8588    0.7936    0.5466    0.5113    5.1668    4.8696  0.9822E+03  0.1270E+04  0.0000E+00  0.0000E+00  0.1000E-09  0.1000E-09  0.1000E-09  0.1000E-09  0.3348E+02  0.0000E+00
    0.0755  1  1   30.0000   25.0000   13.1364   10.9667    0.8588    0.7936    0.5464    0.5112    5.1668    4.8696  0.9704E+03  0.1257E+04  0.0000E+00  0.0000E+00  0.1000E-09  0.1000E-09  0.1000E-09  0.1000E-09  0.3349E+02  0.0000E+00
    0.0806  1  1   30.0000   25.0000   13.1364   10.9667    0.8588    0.7936    0.5463    0.5110    5.1668    4.8696  0.9592E+03  0.1245E+04  0.0000E+00  0.0000E+00  0.1000E-09  0.1000E-09  0.1000E-09  0.1000E-09  0.3350E+02  0.0000E+00
    0.0856  1  1   30.0000   25.0000   13.1364   10.9667    0.8588    0.7936    0.5461    0.5109    5.1668    4.8696  0.9486E+03  0.1233E+04  0.0000E+00  0.0000E+00  0.1000E-09  0.1000E-09  0.1000E-09  0.1000E-09  0.3351E+02  0.0000E+00
    0.0907  1  1   30.0000   25.0000   13.1364   10.9667    0.8588    0.7936    0.5460    0.5107    5.1668    4.8696  0.9385E+03  0.1222E+04  0.0000E+00  0.0000E+00  0.1000E-09  0.1000E-09  0.1000E-09  0.1000E-09  0.3352E+02  0.0000E+00
    0.0957  1  1   30.0000   25.0000   13.1364   10.9667    0.8588    0.7936    0.5458    0.5106    5.1668    4.8696  0.9290E+03  0.1211E+04  0.0000E+00  0.0000E+00  0.1000E-09  0.1000E-09  0.1000E-09  0.1000E-09  0.3352E+02  0.0000E+00
    0.1007  1  1   30.0000   25.0000   13.1364   10.9667    0.8588    0.7936    0.5457    0.5105    5.1668    4.8696  0.9200E+03  0.1200E+04  0.0000E+00  0.0000E+00  0.1000E-09  0.1000E-09  0.1000E-09  0.1000E-09  0.3353E+02  0.0000E+00
    0.1058  1  1   30.0000   25.0000   13.1364   10.9667    0.8588    0.7936    0.5456    0.5104    5.1668    4.8696  0.9115E+03  0.1189E+04  0.0000E+00  0.0000E+00  0.1000E-09  0.1000E-09  0.1000E-09  0.1000E-09  0.3354E+02  0.0000E+00
    0.1108  1  1   30.0000   25.0000   13.1364   10.9667    0.8588    0.7936    0.5455    0.5103    5.1668    4.8696  0.9034E+03  0.1179E+04  0.0000E+00  0.0000E+00  0.1000E-09  0.1000E-09  0.1000E-09  0.1000E-09  0.3355E+02  0.0000E+00
    0.1158  1  1   30.0000   25.0000   13.1364   10.9667    0.8588    0.7936    0.5454    0.5101    5.1668    4.8696  0.8957E+03  0.1169E+04  0.0000E+00  0.0000E+00  0.1000E-09  0.1000E-09  0.1000E-09  0.1000E-09  0.3355E+02  0.0000E+00
    0.1209  1  1   30.0000   25.0000   13.1364   10.9667    0.8588    0.7936    0.5452    0.5100    5.1668    4.8696  0.8884E+03  0.1159E+04  0.0000E+00  0.0000E+00  0.1000E-09  0.1000E-09  0.1000E-09  0.1000E-09  0.3356E+02  0.0000E+00
    0.1259  1  1   30.0000   25.0000   13.1364   10.9667    0.8588    0.7936    0.5451    0.5099    5.1668    4.8696  0.8815E+03  0.1149E+04  0.0000E+00  0.0000E+00  0.1000E-09  0.1000E-09  0.1000E-09  0.1000E-09  0.3357E+02  0.0000E+00
    0.1309  1  1   30.0000   25.0000   13.1364   10.9667    0.8588    0.7936    0.5450    0.5099    5.1668    4.8696  0.8750E+03  0.1140E+04  0.0000E+00  0.0000E+00  0.1000E-09  0.1000E-09  0.1000E-09  0.1000E-09  0.3357E+02  0.0000E+00
    0.1360  1  1   30.0000   25.0000   13.1364   10.9667    0.8588    0.7936    0.5449    0.5098    5.1668    4.8696  0.8688E+03  0.1131E+04  0.0000E+00  0.0000E+00  0.1000E-09  0.1000E-09  0.1000E-09  0.1000E-09  0.3358E+02  0.0000E+00
    0.1410  1  1   30.0000   25.0000   13.1364   10.9667    0.8588    0.7936    0.5448    0.5097    5.1668    4.8696  0.8629E+03  0.1122E+04  0.0000E+00  0.0000E+00  0.1000E-09  0.1000E-09  0.1000E-09  0.1000E-09  0.3358E+02  0.0000E+00
    0.1461  1  1   30.0000   25.0000   13.1364   10.9667    0.8588    0.7936    0.5448    0.5096    5.1668    4.8696  0.8573E+03  0.1113E+04  0.0000E+00  0.0000E+00  0.1000E-09  0.1000E-09  0.1000E-09  0.1000E-09  0.3359E+02  0.0000E+00
    0.1511  1  1   30.0000   25.0000   13.1364   10.9667    0.8588    0.7936    0.5447    0.5095    5.1668    4.8696  0.8521E+03  0.1105E+04  0.0000E+00  0.0000E+00  0.1000E-09  0.1000E-09  0.1000E-09  0.1000E-09  0.3360E+02  0.0000E+00
    0.1561  1  1   30.0000   25.0000   13.1364   10.9667    0.8588    0.7936    0.5446    0.5094    5.1668    4.8696  0.8470E+03  0.1096E+04  0.0000E+00  0.0000E+00  0.1000E-09  0.1000E-09  0.1000E-09  0.1000E-09  0.3360E+02  0.0000E+00
    0.1612  1  1   30.0000   25.0000   13.1364   10.9667    0.8588    0.7936    0.5445    0.5094    5.1668    4.8696  0.8423E+03  0.1088E+04  0.0000E+00  0.0000E+00  0.1000E-09  0.1000E-09  0.1000E-09  0.1000E-09  0.3361E+02  0.0000E+00
    0.1662  1  1   30.0000   25.0000   13.1364   10.9667    0.8588    0.7936    0.5444    0.5093    5.1668    4.8696  0.8377E+03  0.1081E+04  0.0000E+00  0.0000E+00  0.1000E-09  0.1000E-09  0.1000E-09  0.1000E-09  0.3361E+02  0.0000E+00
    0.1712  1  1   30.0000   25.0000   13.1364   10.9667    0.8588    0.7936    0.5444    0.5092    5.1668    4.8696  0.8334E+03  0.1073E+04  0.0000E+00  0.0000E+00  0.1000E-09  0.1000E-09  0.1000E-09  0.1000E-09  0.3362E+02  0.0000E+00
    0.1763  1  1   30.0000   25.0000   13.1364   10.9667    0.8588    0.7936    0.5443    0.5091    5.1668    4.8696  0.8293E+03  0.1065E+04  0.0000E+00  0.0000E+00  0.1000E-09  0.1000E-09  0.1000E-09  0.1000E-09  0.3362E+02  0.0000E+00
    0.1813  1  1   30.0000   25.0000   13.1364   10.9667    0.8588    0.7936    0.5442    0.5091    5.1668    4.8696  0.8255E+03  0.1058E+04  0.0000E+00  0.0000E+00  0.1000E-09  0.1000E-09  0.1000E-09  0.1000E-09  0.3362E+02  0.0000E+00
    0.1863  1  1   30.0000   25.0000   13.1364   10.9667    0.8588    0.7936    0.5441    0.5090    5.1668    4.8696  0.8218E+03  0.1051E+04  0.0000E+00  0.0000E+00  0.1000E-09  0.1000E-09  0.1000E-09  0.1000E-09  0.3363E+02  0.0000E+00
    0.1914  1  1   30.0000   25.0000   13.1364   10.9667    0.8588    0.7936    0.5441    0.5090    5.1668    4.8696  0.8183E+03  0.1044E+04  0.0000E+00  0.0000E+00  0.1000E-09  0.1000E-09  0.1000E-09  0.1000E-09  0.3363E+02  0.0000E+00
    0.1964  1  1   30.0000   25.0000   13.1364   10.9667    0.8588    0.7936    0.5440    0.5089    5.1668    4.8696  0.8150E+03  0.1037E+04  0.0000E+00  0.0000E+00  0.1000E-09  0.1000E-09  0.1000E-09  0.1000E-09  0.3364E+02  0.0000E+00
    0.2015  1  1   30.0000   25.0000   13.1364   10.9667    0.8588    0.7936    0.5440    0.5088    5.1668    4.8696  0.8118E+03  0.1031E+04  0.0000E+00  0.0000E+00  0.1000E-09  0.1000E-09  0.1000E-09  0.1000E-09  0.3364E+02  0.0000E+00
    0.2065  1  1   30.0000   25.0000   13.1364   10.9667    0.8589    0.7936    0.5441    0.5088    5.1670    4.8696  0.8083E+03  0.1024E+04  0.0000E+00  0.0000E+00  0.1000E-09  0.1000E-09  0.1000E-09  0.1000E-09  0.3364E+02  0.0000E+00
    0.2115  1  1   30.0000   25.0000   13.1364   10.9667    0.8591    0.7936    0.5442    0.5087    5.1672    4.8696  0.8049E+03  0.1018E+04  0.0000E+00  0.0000E+00  0.1000E-09  0.1000E-09  0.1000E-09  0.1000E-09  0.3365E+02  0.0000E+00
    0.2166  1  1   29.9999   25.0000   13.1364   10.9667    0.8594    0.7936    0.5445    0.5087    5.1675    4.8696  0.8012E+03  0.1012E+04 -0.2753E-07  0.2562E-08  0.1000E-09  0.1000E-09  0.1000E-09  0.1000E-09  0.3365E+02  0.0000E+00
    0.2216  1  1   29.9996   25.0000   13.1364   10.9667    0.8596    0.7936    0.5448    0.5086    5.1678    4.8696  0.7976E+03  0.1006E+04 -0.5753E-07  0.5357E-08  0.1000E-09  0.1000E-09  0.1000E-09  0.1000E-09  0.3365E+02  0.0000E+00
    0.2266  1  1   29.9993   25.0001   13.1364   10.9667    0.8599    0.7936    0.5451    0.5086    5.1681    4.8696  0.7942E+03  0.9997E+03 -0.6001E-07  0.5591E-08  0.1000E-09  0.1000E-09  0.1000E-09  0.1000E-09  0.3366E+02  0.0000E+00
    0.2317  1  1   29.9990   25.0001   13.1364   10.9667    0.8602    0.7936    0.5454    0.5085    5.1684    4.8696  0.7909E+03  0.9939E+03 -0.6001E-07  0.5594E-08  0.1000E-09  0.1000E-09  0.1000E-09  0.1000E-09  0.3366E+02  0.0000E+00
    0.2367  1  1   29.9987   25.0001   13.1364   10.9667    0.8605    0.7936    0.5457    0.5085    5.1687    4.8696  0.7879E+03  0.9883E+03 -0.6001E-07  0.5598E-08  0.1000E-09  0.1000E-09  0.1000E-09  0.1000E-09  0.3366E+02  0.0000E+00
    0.2418  1  1   29.9984   25.0002   13.1364   10.9667    0.8607    0.7936    0.5460    0.5085    5.1689    4.8696  0.7849E+03  0.9829E+03 -0.6001E-07  0.5601E-08  0.1000E-09  0.1000E-09  0.1000E-09  0.1000E-09  0.3367E+02  0.0000E+00
    0.2468  1  1   29.9979   25.0002   13.1364   10.9667    0.8610    0.7936    0.5463    0.5084    5.1692    4.8696  0.7820E+03  0.9775E+03 -0.9172E-07  0.8567E-08  0.1000E-09  0.1000E-09  0.1000E-09  0.1000E-09  0.3367E+02  0.0000E+00
    0.2518  1  1   29.9973   25.0003   13.1364   10.9667    0.8613    0.7936    0.5466    0.5084    5.1695    4.8696  0.7792E+03  0.9723E+03 -0.1250E-06  0.1168E-07  0.1000E-09  0.1000E-09  0.1000E-09  0.1000E-09  0.3367E+02  0.0000E+00
    0.2569  1  1   29.9966   25.0003   13.1364   10.9667    0.8616    0.7936    0.5470    0.5083    5.1698    4.8696  0.7766E+03  0.9673E+03 -0.1266E-06  0.1184E-07  0.1000E-09  0.1000E-09  0.1000E-09  0.1000E-09  0.3367E+02  0.0000E+00
    0.2619  1  1   29.9960   25.0003   13.1364   10.9667    0.8619    0.7938    0.5473    0.5084    5.1701    4.8697  0.7740E+03  0.9617E+03 -0.1232E-06 -0.1243E-07  0.1000E-09  0.1000E-09  0.1000E-09  0.1000E-09  0.3368E+02  0.0000E+00
    0.2669  1  1   29.9954   25.0000   13.1364   10.9667    0.8622    0.7940    0.5476    0.5087    5.1704    4.8700  0.7716E+03  0.9555E+03 -0.1190E-06 -0.4297E-07  0.1000E-09  0.1000E-09  0.1000E-09  0.1000E-09  0.3368E+02  0.0000E+00
    0.2676  1  1   30.0300   24.7500   13.1636   10.9667    0.8625    0.7941    0.5457    0.5093    5.1713    4.8700  0.7797E+03  0.8565E+03  0.5125E-04 -0.3706E-03  0.1000E-09  0.1000E-09  0.1000E-09  0.1000E-09  0.3373E+02  0.0000E+00
13700.0000 14 14   17.4575   28.1120   17.4575   28.1120   -4.1307   -3.9237       NaN       NaN  -10.0000  -10.0000  0.7443E+08  0.2000E+09  0.0000E+00 -0.0000E+00  0.1000E-09  0.1000E-09  0.1000E-09  0.1000E-09         NaN         NaN
   -1.0000 14 14   17.4575   28.1120   17.4575   28.1120   -4.1307   -3.9237       NaN       NaN  -10.0000  -10.0000  0.7443E+08  0.2000E+09  0.0000E+00 -0.0000E+00  0.1000E-09  0.1000E-09  0.1000E-09  0.1000E-09         NaN         NaN
