primary_mass sec_mass period num_of_lines time_max time_3rd_last time_4th_last sep_at_maxtime ecc_at_maxtime has_nan
31.622776601683825 18.973665961010294 1.0 2625 13700.0 13694.4473 13684.4473 0.0 -1.0 False
31.622776601683825 18.973665961010294 1.2589254117941673 98 0.4237 0.4234 0.4232 nan 0.0 True
31.622776601683825 18.973665961010294 1.5848931924611136 3397 13700.0 13697.5059 13687.5059 0.0 -1.0 False
31.622776601683825 18.973665961010294 1.9952623149688797 16597 13700.0 13699.2871 13698.2871 0.0 -1.0 False
31.622776601683825 18.973665961010294 2.51188643150958 16637 13700.0 13699.2783 13698.2783 0.0 -1.0 False
31.622776601683825 18.973665961010294 3.1622776601683795 16666 13700.0 13699.2881 13698.2881 0.0 -1.0 False
31.622776601683825 18.973665961010294 3.981071705534973 16686 13700.0 13699.3008 13698.3008 0.0 -1.0 False
31.622776601683825 18.973665961010294 5.011872336272724 16720 13700.0 13699.3086 13698.3086 0.0 -1.0 False
31.622776601683825 18.973665961010294 6.309573444801933 16744 13700.0 13699.332 13698.332 0.0 -1.0 False
31.622776601683825 18.973665961010294 7.943282347242816 16763 13700.0 13699.3594 13698.3594 0.0 -1.0 False
31.622776601683825 18.973665961010294 10.0 16779 13700.0 13699.3848 13698.3848 0.0 -1.0 False
31.622776601683825 18.973665961010294 12.589254117941675 16791 13700.0 13699.4082 13698.4082 0.0 -1.0 False
31.622776601683825 18.973665961010294 15.848931924611142 17906 13700.0 13699.9023 13698.9023 14.18 0.1579 False
31.622776601683825 18.973665961010294 19.952623149688797 17910 13700.0 13699.9043 13698.9043 14.03 0.128 False
31.622776601683825 18.973665961010294 25.11886431509581 17915 13700.0 13699.9092 13698.9092 14.06 0.1274 False
31.622776601683825 18.973665961010294 31.622776601683793 17918 13700.0 13699.918 13698.918 13.78 0.1541 False
31.622776601683825 18.973665961010294 39.810717055349734 17891 13700.0 13699.9414 13698.9414 15.46 0.1721 False
31.622776601683825 18.973665961010294 50.11872336272725 5526 13700.0 13698.9512 13688.9512 25.28 0.152 False
31.622776601683825 18.973665961010294 63.09573444801933 5504 13700.0 13698.9775 13688.9775 27.3 0.2491 False
31.622776601683825 18.973665961010294 79.43282347242817 5494 13700.0 13698.9844 13688.9844 29.74 0.2697 False
31.622776601683825 18.973665961010294 100.0 5493 13700.0 13698.9863 13688.9863 30.94 0.2826 False
31.622776601683825 18.973665961010294 125.89254117941675 5476 13700.0 13698.9873 13688.9873 31.9 0.292 False
31.622776601683825 18.973665961010294 158.48931924611142 5472 13700.0 13698.9922 13688.9922 35.1 0.2996 False
31.622776601683825 18.973665961010294 199.52623149688807 5481 13700.0 13698.9961 13688.9961 38.71 0.3054 False
31.622776601683825 18.973665961010294 251.18864315095823 5541 13700.0 13699.0059 13689.0059 40.09 0.2731 False
31.622776601683825 18.973665961010294 316.22776601683796 5548 13700.0 13699.0078 13689.0078 43.86 0.289 False
31.622776601683825 18.973665961010294 398.1071705534973 5560 13700.0 13699.0098 13689.0098 48.33 0.3026 False
31.622776601683825 18.973665961010294 501.18723362727246 5559 13700.0 13699.0078 13689.0078 52.83 0.3261 False
31.622776601683825 18.973665961010294 630.9573444801937 5556 13700.0 13699.0059 13689.0059 57.32 0.3491 False
31.622776601683825 18.973665961010294 794.3282347242822 5550 13700.0 13699.0107 13689.0107 63.16 0.3629 False
31.622776601683825 18.973665961010294 1000.0 5547 13700.0 13699.0361 13689.0361 69.43 0.3566 False
31.622776601683825 18.973665961010294 1258.9254117941675 4558 13700.0 13699.0977 13689.0977 3592.0 0.1385 False
31.622776601683825 18.973665961010294 1584.893192461114 3740 13700.0 13699.1348 13689.1348 2511.0 0.06938 False
31.622776601683825 18.973665961010294 1995.262314968881 3882 13700.0 13698.8887 13688.8887 2373.0 0.06064 False
31.622776601683825 18.973665961010294 2511.886431509582 3580 13700.0 13699.8086 13689.8086 3789.0 0.1267 False
31.622776601683825 18.973665961010294 3162.2776601683795 3573 13700.0 13699.8574 13689.8574 4971.0 0.1647 False
31.622776601683825 18.973665961010294 3981.0717055349733 3326 13700.0 13690.752 13680.752 6155.0 0.2932 False
31.622776601683825 18.973665961010294 5011.872336272725 3326 13700.0 13690.7656 13680.7656 7496.0 0.2989 False
31.622776601683825 18.973665961010294 6309.573444801937 3326 13700.0 13690.7783 13680.7783 9063.0 0.304 False
31.622776601683825 18.973665961010294 7943.282347242822 3326 13700.0 13690.7891 13680.7891 10900.0 0.3085 False
31.622776601683825 18.973665961010294 10000.0 3325 13700.0 13690.7998 13680.7998 13060.0 0.3127 False
32.35936569296286 19.415619415777716 1.0 2625 13700.0 13694.3818 13684.3818 0.0 -1.0 False
32.35936569296286 19.415619415777716 1.2589254117941673 96 0.4105 0.4102 0.41 nan 0.0 True
32.35936569296286 19.415619415777716 1.5848931924611136 3389 13700.0 13697.375 13687.375 0.0 -1.0 False
32.35936569296286 19.415619415777716 1.9952623149688797 16593 13700.0 13699.1748 13698.1748 0.0 -1.0 False
32.35936569296286 19.415619415777716 2.51188643150958 16632 13700.0 13699.1699 13698.1699 0.0 -1.0 False
32.35936569296286 19.415619415777716 3.1622776601683795 16659 13700.0 13699.1836 13698.1836 0.0 -1.0 False
32.35936569296286 19.415619415777716 3.981071705534973 16681 13700.0 13699.1963 13698.1963 0.0 -1.0 False
32.35936569296286 19.415619415777716 5.011872336272724 16712 13700.0 13699.208 13698.208 0.0 -1.0 False
32.35936569296286 19.415619415777716 6.309573444801933 16738 13700.0 13699.2373 13698.2373 0.0 -1.0 False
32.35936569296286 19.415619415777716 7.943282347242816 16757 13700.0 13699.2676 13698.2676 0.0 -1.0 False
32.35936569296286 19.415619415777716 10.0 16774 13700.0 13699.2949 13698.2949 0.0 -1.0 False
32.35936569296286 19.415619415777716 12.589254117941675 16787 13700.0 13699.3184 13698.3184 0.0 -1.0 False
32.35936569296286 19.415619415777716 15.848931924611142 17903 13700.0 13699.8047 13698.8047 13.82 0.1227 False
32.35936569296286 19.415619415777716 19.952623149688797 17906 13700.0 13699.8086 13698.8086 13.98 0.1089 False
32.35936569296286 19.415619415777716 25.11886431509581 17912 13700.0 13699.8154 13698.8154 13.65 0.1209 False
32.35936569296286 19.415619415777716 31.622776601683793 17918 13700.0 13699.8213 13698.8213 13.79 0.1209 False
32.35936569296286 19.415619415777716 39.810717055349734 5552 13700.0 13698.8477 13688.8477 18.88 0.1404 False
32.35936569296286 19.415619415777716 50.11872336272725 5511 13700.0 13698.8604 13688.8604 27.25 0.1397 False
32.35936569296286 19.415619415777716 63.09573444801933 5493 13700.0 13698.8828 13688.8828 28.96 0.2254 False
32.35936569296286 19.415619415777716 79.43282347242817 5482 13700.0 13698.8867 13688.8867 31.09 0.2442 False
32.35936569296286 19.415619415777716 100.0 5478 13700.0 13698.8887 13688.8887 32.21 0.2562 False
32.35936569296286 19.415619415777716 125.89254117941675 5458 13700.0 13698.8896 13688.8896 33.06 0.2661 False
32.35936569296286 19.415619415777716 158.48931924611142 5460 13700.0 13698.8945 13688.8945 35.96 0.2718 False
32.35936569296286 19.415619415777716 199.52623149688807 5527 13700.0 13698.9072 13688.9072 38.36 0.2371 False
32.35936569296286 19.415619415777716 251.18864315095823 5535 13700.0 13698.9102 13688.9102 42.04 0.2462 False
32.35936569296286 19.415619415777716 316.22776601683796 5543 13700.0 13698.9121 13688.9121 46.59 0.2601 False
32.35936569296286 19.415619415777716 398.1071705534973 5550 13700.0 13698.9131 13688.9131 50.85 0.2764 False
32.35936569296286 19.415619415777716 501.18723362727246 5548 13700.0 13698.9092 13688.9092 54.89 0.2986 False
32.35936569296286 19.415619415777716 630.9573444801937 5545 13700.0 13698.9072 13688.9072 60.15 0.3195 False
32.35936569296286 19.415619415777716 794.3282347242822 5541 13700.0 13698.9121 13688.9121 65.92 0.3306 False
32.35936569296286 19.415619415777716 1000.0 5541 13700.0 13698.9404 13688.9404 73.2 0.3218 False
32.35936569296286 19.415619415777716 1258.9254117941675 4551 13700.0 13699.0049 13689.0049 3684.0 0.1331 False
32.35936569296286 19.415619415777716 1584.893192461114 3887 13700.0 13699.0342 13689.0342 2693.0 0.05893 False
32.35936569296286 19.415619415777716 1995.262314968881 3873 13700.0 13698.7861 13688.7861 2461.0 0.06074 False
32.35936569296286 19.415619415777716 2511.886431509582 3566 13700.0 13699.5645 13689.5645 3719.0 0.09545 False
32.35936569296286 19.415619415777716 3162.2776601683795 3555 13700.0 13699.6143 13689.6143 4622.0 0.1259 False
32.35936569296286 19.415619415777716 3981.0717055349733 3316 13700.0 13690.4844 13680.4844 5957.0 0.2602 False
32.35936569296286 19.415619415777716 5011.872336272725 3316 13700.0 13690.499 13680.499 7266.0 0.2659 False
32.35936569296286 19.415619415777716 6309.573444801937 3317 13700.0 13690.5127 13680.5127 8798.0 0.2711 False
32.35936569296286 19.415619415777716 7943.282347242822 3317 13700.0 13690.5244 13680.5244 10590.0 0.2754 False
32.35936569296286 19.415619415777716 10000.0 3317 13700.0 13690.5342 13680.5342 12690.0 0.2792 False
