    0.0000  1  1   16.9824   10.1895    6.6855    3.3222    0.6947    0.5717    0.7923    0.7535    4.3894    3.7462  0.1975E+04  0.2819E+04  0.0000E+00  0.0000E+00  0.1000E-09  0.1000E-09  0.1000E-09  0.1000E-09  0.1475E+02  0.0000E+00
    0.0111  1  1   16.9824   10.1895    6.6855    3.3222    0.6947    0.5717    0.7898    0.7511    4.3894    3.7462  0.1882E+04  0.2639E+04  0.2239E-19 -0.7466E-19  0.1000E-09  0.1000E-09  0.1000E-09  0.1000E-09  0.1479E+02  0.0000E+00
    0.0223  1  1   16.9824   10.1895    6.6855    3.3222    0.6947    0.5717    0.7883    0.7497    4.3894    3.7462  0.1842E+04  0.2494E+04  0.0000E+00  0.0000E+00  0.1000E-09  0.1000E-09  0.1000E-09  0.1000E-09  0.1482E+02  0.0000E+00
    0.0334  1  1   16.9824   10.1895    6.6855    3.3222    0.6947    0.5717    0.7873    0.7487    4.3894    3.7462  0.1822E+04  0.2376E+04  0.0000E+00  0.0000E+00  0.1000E-09  0.1000E-09  0.1000E-09  0.1000E-09  0.1484E+02  0.0000E+00
    0.0446  1  1   16.9824   10.1895    6.6855    3.3222    0.6947    0.5717    0.7865    0.7480    4.3894    3.7462  0.1813E+04  0.2278E+04  0.0000E+00  0.0000E+00  0.1000E-09  0.1000E-09  0.1000E-09  0.1000E-09  0.1485E+02  0.0000E+00
    0.0557  1  1   16.9824   10.1895    6.6855    3.3222    0.6947    0.5717    0.7860    0.7475    4.3894    3.7462  0.1807E+04  0.2198E+04  0.1112E-19 -0.3733E-19  0.1000E-09  0.1000E-09  0.1000E-09  0.1000E-09  0.1486E+02  0.0000E+00
    0.0669  1  1   16.9824   10.1895    6.6855    3.3222    0.6947    0.5717    0.7855    0.7470    4.3894    3.7462  0.1804E+04  0.2131E+04  0.0000E+00  0.0000E+00  0.1000E-09  0.1000E-09  0.1000E-09  0.1000E-09  0.1487E+02  0.0000E+00
    0.0780  1  1   16.9824   10.1895    6.6855    3.3222    0.6947    0.5717    0.7852    0.7467    4.3894    3.7462  0.1801E+04  0.2075E+04  0.0000E+00  0.0000E+00  0.1000E-09  0.1000E-09  0.1000E-09  0.1000E-09  0.1488E+02  0.0000E+00
    0.0892  1  1   16.9824   10.1895    6.6855    3.3222    0.6947    0.5717    0.7849    0.7464    4.3894    3.7462  0.1800E+04  0.2029E+04  0.1110E-19 -0.3733E-19  0.1000E-09  0.1000E-09  0.1000E-09  0.1000E-09  0.1489E+02  0.0000E+00
    0.1003  1  1   16.9824   10.1895    6.6855    3.3222    0.6947    0.5717    0.7846    0.7462    4.3894    3.7462  0.1798E+04  0.1990E+04  0.0000E+00  0.0000E+00  0.1000E-09  0.1000E-09  0.1000E-09  0.1000E-09  0.1489E+02  0.0000E+00
    0.1115  1  1   16.9824   10.1895    6.6855    3.3222    0.6947    0.5717    0.7844    0.7460    4.3894    3.7462  0.1797E+04  0.1958E+04  0.0000E+00  0.0000E+00  0.1000E-09  0.1000E-09  0.1000E-09  0.1000E-09  0.1489E+02  0.0000E+00
    0.1226  1  1   16.9824   10.1895    6.6855    3.3222    0.6947    0.5717    0.7842    0.7458    4.3894    3.7462  0.1796E+04  0.1931E+04  0.0000E+00  0.0000E+00  0.1000E-09  0.1000E-09  0.1000E-09  0.1000E-09  0.1490E+02  0.0000E+00
    0.1338  1  1   16.9824   10.1895    6.6855    3.3222    0.6947    0.5717    0.7841    0.7457    4.3894    3.7462  0.1796E+04  0.1909E+04  0.0000E+00  0.0000E+00  0.1000E-09  0.1000E-09  0.1000E-09  0.1000E-09  0.1490E+02  0.0000E+00
    0.1449  1  1   16.9824   10.1895    6.6855    3.3222    0.6947    0.5717    0.7840    0.7456    4.3894    3.7462  0.1795E+04  0.1890E+04  0.1109E-19 -0.3733E-19  0.1000E-09  0.1000E-09  0.1000E-09  0.1000E-09  0.1490E+02  0.0000E+00
    0.1561  1  1   16.9824   10.1895    6.6855    3.3222    0.6947    0.5717    0.7839    0.7455    4.3894    3.7462  0.1795E+04  0.1874E+04  0.1109E-19 -0.3733E-19  0.1000E-09  0.1000E-09  0.1000E-09  0.1000E-09  0.1490E+02  0.0000E+00
    0.1672  1  1   16.9824   10.1895    6.6855    3.3222    0.6947    0.5717    0.7838    0.7454    4.3894    3.7462  0.1794E+04  0.1861E+04  0.0000E+00  0.0000E+00  0.1000E-09  0.1000E-09  0.1000E-09  0.1000E-09  0.1491E+02  0.0000E+00
    0.1783  1  1   16.9824   10.1895    6.6855    3.3222    0.6947    0.5717    0.7837    0.7453    4.3894    3.7462  0.1794E+04  0.1850E+04  0.0000E+00  0.0000E+00  0.1000E-09  0.1000E-09  0.1000E-09  0.1000E-09  0.1491E+02  0.0000E+00
    0.1895  1  1   16.9824   10.1895    6.6855    3.3222    0.6947    0.5717    0.7837    0.7453    4.3894    3.7462  0.1793E+04  0.1840E+04  0.1108E-19 -0.3733E-19  0.1000E-09  0.1000E-09  0.1000E-09  0.1000E-09  0.1491E+02  0.0000E+00
    0.2006  1  1   16.9824   10.1895    6.6855    3.3222    0.6947    0.5717    0.7836    0.7452    4.3894    3.7462  0.1793E+04  0.1833E+04  0.0000E+00  0.0000E+00  0.1000E-09  0.1000E-09  0.1000E-09  0.1000E-09  0.1491E+02  0.0000E+00
    0.2118  1  1   16.9824   10.1895    6.6855    3.3222    0.6947    0.5717    0.7836    0.7452    4.3894    3.7462  0.1793E+04  0.1826E+04  0.0000E+00  0.0000E+00  0.1000E-09  0.1000E-09  0.1000E-09  0.1000E-09  0.1491E+02  0.0000E+00
    0.2229  1  1   16.9824   10.1895    6.6855    3.3222    0.6947    0.5717    0.7835    0.7451    4.3894    3.7462  0.1793E+04  0.1821E+04  0.1108E-19 -0.3733E-19  0.1000E-09  0.1000E-09  0.1000E-09  0.1000E-09  0.1491E+02  0.0000E+00
    0.2341  1  1   16.9824   10.1895    6.6855    3.3222    0.6947    0.5717    0.7835    0.7451    4.3894    3.7462  0.1793E+04  0.1816E+04  0.0000E+00  0.0000E+00  0.1000E-09  0.1000E-09  0.1000E-09  0.1000E-09  0.1491E+02  0.0000E+00
    0.2452  1  1   16.9824   10.1895    6.6855    3.3222    0.6947    0.5717    0.7835    0.7451    4.3894    3.7462  0.1793E+04  0.1812E+04  0.0000E+00  0.0000E+00  0.1000E-09  0.1000E-09  0.1000E-09  0.1000E-09  0.1491E+02  0.0000E+00
    0.2564  1  1   16.9824   10.1895    6.6855    3.3222    0.6947    0.5717    0.7835    0.7451    4.3894    3.7462  0.1793E+04  0.1809E+04  0.1108E-19 -0.3733E-19  0.1000E-09  0.1000E-09  0.1000E-09  0.1000E-09  0.1491E+02  0.0000E+00
    0.2675  1  1   16.9824   10.1895    6.6855    3.3222    0.6947    0.5717    0.7834    0.7451    4.3894    3.7462  0.1792E+04  0.1806E+04  0.0000E+00  0.0000E+00  0.1000E-09  0.1000E-09  0.1000E-09  0.1000E-09  0.1491E+02  0.0000E+00
    0.2787  1  1   16.9824   10.1895    6.6855    3.3222    0.6947    0.5717    0.7834    0.7450    4.3894    3.7462  0.1792E+04  0.1804E+04  0.0000E+00  0.0000E+00  0.1000E-09  0.1000E-09  0.1000E-09  0.1000E-09  0.1491E+02  0.0000E+00
    0.2898  1  1   16.9824   10.1895    6.6855    3.3222    0.6947    0.5717    0.7834    0.7450    4.3894    3.7462  0.1792E+04  0.1802E+04  0.0000E+00  0.0000E+00  0.1000E-09  0.1000E-09  0.1000E-09  0.1000E-09  0.1491E+02  0.0000E+00
    0.3010  1  1   16.9824   10.1895    6.6855    3.3222    0.6947    0.5717    0.7834    0.7450    4.3894    3.7462  0.1792E+04  0.1800E+04  0.0000E+00  0.0000E+00  0.1000E-09  0.1000E-09  0.1000E-09  0.1000E-09  0.1491E+02  0.0000E+00
    0.3121  1  1   16.9824   10.1895    6.6855    3.3222    0.6947    0.5717    0.7834    0.7450    4.3894    3.7462  0.1792E+04  0.1799E+04  0.0000E+00  0.0000E+00  0.1000E-09  0.1000E-09  0.1000E-09  0.1000E-09  0.1491E+02  0.0000E+00
    0.3233  1  1   16.9824   10.1895    6.6855    3.3222    0.6947    0.5717    0.7834    0.7450    4.3894    3.7462  0.1792E+04  0.1798E+04  0.0000E+00  0.0000E+00  0.1000E-09  0.1000E-09  0.1000E-09  0.1000E-09  0.1491E+02  0.0000E+00
    0.3344  1  1   16.9824   10.1895    6.6855    3.3222    0.6947    0.5717    0.7834    0.7450    4.3894    3.7462  0.1792E+04  0.1797E+04  0.0000E+00  0.0000E+00  0.1000E-09  0.1000E-09  0.1000E-09  0.1000E-09  0.1491E+02  0.0000E+00
    0.3456  1  1   16.9824   10.1895    6.6855    3.3222    0.6947    0.5717    0.7834    0.7450    4.3894    3.7462  0.1792E+04  0.1796E+04  0.0000E+00  0.0000E+00  0.1000E-09  0.1000E-09  0.1000E-09  0.1000E-09  0.1491E+02  0.0000E+00
    0.3567  1  1   16.9824   10.1895    6.6855    3.3222    0.6947    0.5717    0.7834    0.7450    4.3894    3.7462  0.1792E+04  0.1796E+04  0.0000E+00  0.0000E+00  0.1000E-09  0.1000E-09  0.1000E-09  0.1000E-09  0.1491E+02  0.0000E+00
    0.3678  1  1   16.9824   10.1895    6.6855    3.3222    0.6947    0.5717    0.7834    0.7450    4.3894    3.7462  0.1792E+04  0.1795E+04  0.0000E+00  0.0000E+00  0.1000E-09  0.1000E-09  0.1000E-09  0.1000E-09  0.1491E+02  0.0000E+00
    0.3790  1  1   16.9824   10.1895    6.6855    3.3222    0.6947    0.5717    0.7834    0.7450    4.3894    3.7462  0.1792E+04  0.1794E+04  0.0000E+00  0.0000E+00  0.1000E-09  0.1000E-09  0.1000E-09  0.1000E-09  0.1491E+02  0.0000E+00
    0.3901  1  1   16.9824   10.1895    6.6855    3.3222    0.6947    0.5717    0.7834    0.7450    4.3894    3.7462  0.1792E+04  0.1794E+04  0.0000E+00  0.0000E+00  0.1000E-09  0.1000E-09  0.1000E-09  0.1000E-09  0.1491E+02  0.0000E+00
    0.4013  1  1   16.9824   10.1895    6.6855    3.3222    0.6947    0.5717    0.7834    0.7450    4.3894    3.7462  0.1792E+04  0.1794E+04  0.0000E+00  0.0000E+00  0.1000E-09  0.1000E-09  0.1000E-09  0.1000E-09  0.1491E+02  0.0000E+00
    0.4124  1  1   16.9824   10.1895    6.6855    3.3222    0.6947    0.5717    0.7834    0.7450    4.3894    3.7462  0.1792E+04  0.1793E+04  0.0000E+00  0.0000E+00  0.1000E-09  0.1000E-09  0.1000E-09  0.1000E-09  0.1491E+02  0.0000E+00
    0.4236  1  1   16.9824   10.1895    6.6855    3.3222    0.6947    0.5717    0.7834    0.7450    4.3894    3.7462  0.1792E+04  0.1793E+04  0.0000E+00  0.0000E+00  0.1000E-09  0.1000E-09  0.1000E-09  0.1000E-09  0.1491E+02  0.0000E+00
    0.4347  1  1   16.9824   10.1895    6.6855    3.3222    0.6947    0.5717    0.7834    0.7450    4.3894    3.7462  0.1792E+04  0.1793E+04  0.0000E+00  0.0000E+00  0.1000E-09  0.1000E-09  0.1000E-09  0.1000E-09  0.1491E+02  0.0000E+00
    0.4459  1  1   16.9824   10.1895    6.6855    3.3222    0.6947    0.5717    0.7834    0.7450    4.3894    3.7462  0.1792E+04  0.1793E+04  0.0000E+00  0.0000E+00  0.1000E-09  0.1000E-09  0.1000E-09  0.1000E-09  0.1491E+02  0.0000E+00
    0.4570  1  1   16.9824   10.1895    6.6855    3.3222    0.6947    0.5717    0.7834    0.7450    4.3894    3.7462  0.1792E+04  0.1793E+04  0.0000E+00  0.0000E+00  0.1000E-09  0.1000E-09  0.1000E-09  0.1000E-09  0.1491E+02  0.0000E+00
    0.4682  1  1   16.9824   10.1895    6.6855    3.3222    0.6947    0.5717    0.7834    0.7450    4.3894    3.7462  0.1792E+04  0.1793E+04  0.0000E+00  0.0000E+00  0.1000E-09  0.1000E-09  0.1000E-09  0.1000E-09  0.1491E+02  0.0000E+00
    0.4793  1  1   16.9824   10.1895    6.6855    3.3222    0.6947    0.5717    0.7834    0.7450    4.3894    3.7462  0.1792E+04  0.1793E+04  0.0000E+00  0.0000E+00  0.1000E-09  0.1000E-09  0.1000E-09  0.1000E-09  0.1491E+02  0.0000E+00
    0.4795  1  1   16.8126   10.2041    6.6855    3.3287    0.6947    0.5720    0.7830    0.7413    4.3894    3.7481  0.1622E+04  0.1832E+04 -0.7618E-03  0.6566E-04  0.1000E-09  0.1000E-09  0.1000E-09  0.1000E-09  0.1496E+02  0.0000E+00
13700.0000 14 13    3.3659    1.3611    3.3659    1.3611   -4.8455   -4.8539       NaN       NaN  -10.0000   -9.8815  0.1438E+09  0.2000E+09  0.0000E+00 -0.0000E+00  0.1000E-09  0.1000E-09  0.1000E-09  0.1000E-09         NaN         NaN
   -1.0000 14 13    3.3659    1.3611    3.3659    1.3611   -4.8455   -4.8539       NaN       NaN  -10.0000   -9.8815  0.1438E+09  0.2000E+09  0.0000E+00 -0.0000E+00  0.1000E-09  0.1000E-09  0.1000E-09  0.1000E-09         NaN         NaN
