    0.0000  1  1   38.9045   23.3427   18.2575   10.0817    0.9038    0.7732    0.0024    0.0023    5.3274    4.7704  0.1078E+04  0.1572E+04  0.0000E+00  0.0000E+00  0.1000E-09  0.1000E-09  0.1000E-09  0.1000E-09  0.7739E+04  0.0000E+00
    0.0046  1  1   38.9045   23.3427   18.2575   10.0817    0.9038    0.7732    0.0024    0.0023    5.3274    4.7704  0.1078E+04  0.1572E+04 -0.1550E-17  0.7109E-23  0.1000E-09  0.1000E-09  0.1000E-09  0.1000E-09  0.7739E+04  0.0000E+00
    0.0092  1  1   38.9045   23.3427   18.2575   10.0817    0.9038    0.7732    0.0024    0.0023    5.3274    4.7704  0.1078E+04  0.1572E+04 -0.1550E-17  0.7109E-23  0.1000E-09  0.1000E-09  0.1000E-09  0.1000E-09  0.7739E+04  0.0000E+00
    0.0138  1  1   38.9045   23.3427   18.2575   10.0817    0.9038    0.7732    0.0024    0.0023    5.3274    4.7704  0.1078E+04  0.1572E+04 -0.7749E-18  0.3554E-23  0.1000E-09  0.1000E-09  0.1000E-09  0.1000E-09  0.7739E+04  0.0000E+00
    0.0183  1  1   38.9045   23.3427   18.2575   10.0817    0.9038    0.7732    0.0024    0.0023    5.3274    4.7704  0.1078E+04  0.1572E+04  0.4491E-23 -0.2321E-18  0.1000E-09  0.1000E-09  0.1000E-09  0.1000E-09  0.7739E+04  0.0000E+00
    0.0229  1  1   38.9045   23.3427   18.2575   10.0817    0.9038    0.7732    0.0024    0.0023    5.3274    4.7704  0.1078E+04  0.1572E+04  0.0000E+00  0.0000E+00  0.1000E-09  0.1000E-09  0.1000E-09  0.1000E-09  0.7739E+04  0.0000E+00
    0.0275  1  1   38.9045   23.3427   18.2575   10.0817    0.9038    0.7732    0.0024    0.0023    5.3274    4.7704  0.1078E+04  0.1572E+04  0.4491E-23 -0.2321E-18  0.1000E-09  0.1000E-09  0.1000E-09  0.1000E-09  0.7739E+04  0.0000E+00
    0.0321  1  1   38.9045   23.3427   18.2575   10.0817    0.9038    0.7732    0.0024    0.0023    5.3274    4.7704  0.1078E+04  0.1572E+04  0.4491E-23 -0.2321E-18  0.1000E-09  0.1000E-09  0.1000E-09  0.1000E-09  0.7739E+04  0.0000E+00
    0.0367  1  1   38.9045   23.3427   18.2575   10.0817    0.9038    0.7732    0.0024    0.0023    5.3274    4.7704  0.1078E+04  0.1572E+04  0.4491E-23 -0.2321E-18  0.1000E-09  0.1000E-09  0.1000E-09  0.1000E-09  0.7739E+04  0.0000E+00
    0.0413  1  1   38.9045   23.3427   18.2575   10.0817    0.9038    0.7732    0.0024    0.0023    5.3274    4.7704  0.1078E+04  0.1572E+04  0.0000E+00  0.0000E+00  0.1000E-09  0.1000E-09  0.1000E-09  0.1000E-09  0.7739E+04  0.0000E+00
    0.0458  1  1   38.9045   23.3427   18.2575   10.0817    0.9038    0.7732    0.0024    0.0023    5.3274    4.7704  0.1078E+04  0.1572E+04  0.4491E-23 -0.2321E-18  0.1000E-09  0.1000E-09  0.1000E-09  0.1000E-09  0.7739E+04  0.0000E+00
    0.0504  1  1   38.9045   23.3427   18.2575   10.0817    0.9038    0.7732    0.0024    0.0023    5.3274    4.7704  0.1078E+04  0.1572E+04  0.4491E-23 -0.2321E-18  0.1000E-09  0.1000E-09  0.1000E-09  0.1000E-09  0.7739E+04  0.0000E+00
    0.0550  1  1   38.9045   23.3427   18.2575   10.0817    0.9038    0.7732    0.0024    0.0023    5.3274    4.7704  0.1078E+04  0.1572E+04  0.4491E-23 -0.2321E-18  0.1000E-09  0.1000E-09  0.1000E-09  0.1000E-09  0.7739E+04  0.0000E+00
    0.0596  1  1   38.9045   23.3427   18.2575   10.0817    0.9038    0.7732    0.0024    0.0023    5.3274    4.7704  0.1078E+04  0.1572E+04  0.0000E+00  0.0000E+00  0.1000E-09  0.1000E-09  0.1000E-09  0.1000E-09  0.7739E+04  0.0000E+00
    0.0642  1  1   38.9045   23.3427   18.2575   10.0817    0.9038    0.7732    0.0024    0.0023    5.3274    4.7704  0.1078E+04  0.1572E+04  0.4491E-23 -0.2321E-18  0.1000E-09  0.1000E-09  0.1000E-09  0.1000E-09  0.7739E+04  0.0000E+00
    0.0688  1  1   38.9045   23.3427   18.2575   10.0817    0.9038    0.7732    0.0024    0.0023    5.3274    4.7704  0.1078E+04  0.1572E+04  0.0000E+00  0.0000E+00  0.1000E-09  0.1000E-09  0.1000E-09  0.1000E-09  0.7739E+04  0.0000E+00
    0.0734  1  1   38.9045   23.3427   18.2575   10.0817    0.9038    0.7732    0.0024    0.0023    5.3274    4.7704  0.1078E+04  0.1572E+04  0.0000E+00  0.0000E+00  0.1000E-09  0.1000E-09  0.1000E-09  0.1000E-09  0.7739E+04  0.0000E+00
    0.0779  1  1   38.9045   23.3427   18.2575   10.0817    0.9038    0.7732    0.0024    0.0023    5.3274    4.7704  0.1078E+04  0.1572E+04  0.0000E+00  0.0000E+00  0.1000E-09  0.1000E-09  0.1000E-09  0.1000E-09  0.7739E+04  0.0000E+00
    0.0825  1  1   38.9045   23.3427   18.2575   10.0817    0.9038    0.7732    0.0024    0.0023    5.3274    4.7704  0.1078E+04  0.1572E+04  0.4491E-23 -0.2321E-18  0.1000E-09  0.1000E-09  0.1000E-09  0.1000E-09  0.7739E+04  0.0000E+00
    0.0871  1  1   38.9045   23.3427   18.2575   10.0817    0.9038    0.7732    0.0024    0.0023    5.3274    4.7704  0.1078E+04  0.1572E+04  0.4491E-23 -0.2321E-18  0.1000E-09  0.1000E-09  0.1000E-09  0.1000E-09  0.7739E+04  0.0000E+00
    0.0917  1  1   38.9045   23.3427   18.2575   10.0817    0.9038    0.7732    0.0024    0.0023    5.3274    4.7704  0.1078E+04  0.1572E+04  0.0000E+00  0.0000E+00  0.1000E-09  0.1000E-09  0.1000E-09  0.1000E-09  0.7739E+04  0.0000E+00
    0.0963  1  1   38.9045   23.3427   18.2575   10.0817    0.9038    0.7732    0.0024    0.0023    5.3274    4.7704  0.1078E+04  0.1572E+04  0.4491E-23 -0.2321E-18  0.1000E-09  0.1000E-09  0.1000E-09  0.1000E-09  0.7739E+04  0.0000E+00
    0.1009  1  1   38.9045   23.3427   18.2575   10.0817    0.9038    0.7732    0.0024    0.0023    5.3274    4.7704  0.1078E+04  0.1572E+04  0.4491E-23 -0.2321E-18  0.1000E-09  0.1000E-09  0.1000E-09  0.1000E-09  0.7739E+04  0.0000E+00
    0.1054  1  1   38.9045   23.3427   18.2575   10.0817    0.9038    0.7732    0.0024    0.0023    5.3274    4.7704  0.1078E+04  0.1572E+04  0.0000E+00  0.0000E+00  0.1000E-09  0.1000E-09  0.1000E-09  0.1000E-09  0.7739E+04  0.0000E+00
    0.1100  1  1   38.9045   23.3427   18.2575   10.0817    0.9038    0.7732    0.0024    0.0023    5.3274    4.7704  0.1078E+04  0.1572E+04  0.4491E-23 -0.2321E-18  0.1000E-09  0.1000E-09  0.1000E-09  0.1000E-09  0.7739E+04  0.0000E+00
    0.1146  1  1   38.9045   23.3427   18.2575   10.0817    0.9038    0.7732    0.0024    0.0023    5.3274    4.7704  0.1078E+04  0.1572E+04  0.0000E+00  0.0000E+00  0.1000E-09  0.1000E-09  0.1000E-09  0.1000E-09  0.7739E+04  0.0000E+00
    0.1192  1  1   38.9045   23.3427   18.2575   10.0817    0.9038    0.7732    0.0024    0.0023    5.3274    4.7704  0.1078E+04  0.1572E+04  0.4491E-23 -0.2321E-18  0.1000E-09  0.1000E-09  0.1000E-09  0.1000E-09  0.7739E+04  0.0000E+00
    0.1238  1  1   38.9045   23.3427   18.2575   10.0817    0.9038    0.7732    0.0024    0.0023    5.3274    4.7704  0.1078E+04  0.1572E+04  0.4491E-23 -0.2321E-18  0.1000E-09  0.1000E-09  0.1000E-09  0.1000E-09  0.7739E+04  0.0000E+00
    0.1284  1  1   38.9045   23.3427   18.2575   10.0817    0.9038    0.7732    0.0024    0.0023    5.3274    4.7704  0.1078E+04  0.1572E+04  0.0000E+00  0.0000E+00  0.1000E-09  0.1000E-09  0.1000E-09  0.1000E-09  0.7739E+04  0.0000E+00
    0.1330  1  1   38.9045   23.3427   18.2575   10.0817    0.9038    0.7732    0.0024    0.0023    5.3274    4.7704  0.1078E+04  0.1572E+04  0.4491E-23 -0.2321E-18  0.1000E-09  0.1000E-09  0.1000E-09  0.1000E-09  0.7739E+04  0.0000E+00
    0.1375  1  1   38.9045   23.3427   18.2575   10.0817    0.9038    0.7732    0.0024    0.0023    5.3274    4.7704  0.1078E+04  0.1572E+04  0.4491E-23 -0.2321E-18  0.1000E-09  0.1000E-09  0.1000E-09  0.1000E-09  0.7739E+04  0.0000E+00
    0.1421  1  1   38.9045   23.3427   18.2575   10.0817    0.9038    0.7732    0.0024    0.0023    5.3274    4.7704  0.1078E+04  0.1572E+04  0.4491E-23 -0.2321E-18  0.1000E-09  0.1000E-09  0.1000E-09  0.1000E-09  0.7739E+04  0.0000E+00
    0.1467  1  1   38.9045   23.3427   18.2575   10.0817    0.9038    0.7732    0.0024    0.0023    5.3274    4.7704  0.1078E+04  0.1572E+04  0.4491E-23 -0.2321E-18  0.1000E-09  0.1000E-09  0.1000E-09  0.1000E-09  0.7739E+04  0.0000E+00
    0.1513  1  1   38.9045   23.3427   18.2575   10.0817    0.9038    0.7732    0.0024    0.0023    5.3274    4.7704  0.1078E+04  0.1572E+04  0.0000E+00  0.0000E+00  0.1000E-09  0.1000E-09  0.1000E-09  0.1000E-09  0.7739E+04  0.0000E+00
    0.1559  1  1   38.9045   23.3427   18.2575   10.0817    0.9038    0.7732    0.0024    0.0023    5.3274    4.7704  0.1078E+04  0.1572E+04  0.4491E-23 -0.2321E-18  0.1000E-09  0.1000E-09  0.1000E-09  0.1000E-09  0.7739E+04  0.0000E+00
    0.1605  1  1   38.9045   23.3427   18.2575   10.0817    0.9038    0.7732    0.0024    0.0023    5.3274    4.7704  0.1078E+04  0.1572E+04  0.4491E-23 -0.2321E-18  0.1000E-09  0.1000E-09  0.1000E-09  0.1000E-09  0.7739E+04  0.0000E+00
    0.1651  1  1   38.9045   23.3427   18.2575   10.0817    0.9038    0.7732    0.0024    0.0023    5.3274    4.7704  0.1078E+04  0.1572E+04  0.0000E+00  0.0000E+00  0.1000E-09  0.1000E-09  0.1000E-09  0.1000E-09  0.7739E+04  0.0000E+00
    0.1696  1  1   38.9045   23.3427   18.2575   10.0817    0.9038    0.7732    0.0024    0.0023    5.3274    4.7704  0.1078E+04  0.1572E+04  0.0000E+00  0.0000E+00  0.1000E-09  0.1000E-09  0.1000E-09  0.1000E-09  0.7739E+04  0.0000E+00
    0.1742  1  1   38.9045   23.3427   18.2575   10.0817    0.9038    0.7732    0.0024    0.0023    5.3274    4.7704  0.1078E+04  0.1572E+04  0.0000E+00  0.0000E+00  0.1000E-09  0.1000E-09  0.1000E-09  0.1000E-09  0.7739E+04  0.0000E+00
    0.1788  1  1   38.9045   23.3427   18.2575   10.0817    0.9038    0.7732    0.0024    0.0023    5.3274    4.7704  0.1078E+04  0.1572E+04  0.0000E+00  0.0000E+00  0.1000E-09  0.1000E-09  0.1000E-09  0.1000E-09  0.7739E+04  0.0000E+00
    0.1834  1  1   38.9037   23.3427   18.2575   10.0817    0.9041    0.7732    0.0024    0.0023    5.3276    4.7704  0.1077E+04  0.1572E+04 -0.1823E-06  0.8362E-12  0.1000E-09  0.1000E-09  0.1000E-09  0.1000E-09  0.7739E+04  0.0000E+00
    0.1880  1  1   38.9018   23.3427   18.2575   10.0817    0.9043    0.7732    0.0024    0.0023    5.3278    4.7704  0.1075E+04  0.1572E+04 -0.4109E-06  0.1887E-11  0.1000E-09  0.1000E-09  0.1000E-09  0.1000E-09  0.7739E+04  0.0000E+00
    0.1926  1  1   38.8996   23.3427   18.2575   10.0817    0.9046    0.7732    0.0024    0.0023    5.3281    4.7704  0.1073E+04  0.1572E+04 -0.4719E-06  0.2170E-11  0.1000E-09  0.1000E-09  0.1000E-09  0.1000E-09  0.7739E+04  0.0000E+00
    0.1971  1  1   38.8974   23.3427   18.2575   10.0817    0.9049    0.7732    0.0024    0.0023    5.3283    4.7704  0.1071E+04  0.1572E+04 -0.4887E-06  0.2250E-11  0.1000E-09  0.1000E-09  0.1000E-09  0.1000E-09  0.7739E+04  0.0000E+00
    0.2017  1  1   38.8951   23.3427   18.2575   10.0817    0.9052    0.7732    0.0025    0.0023    5.3286    4.7704  0.1069E+04  0.1572E+04 -0.4908E-06  0.2263E-11  0.1000E-09  0.1000E-09  0.1000E-09  0.1000E-09  0.7740E+04  0.0000E+00
    0.2063  1  1   38.8929   23.3427   18.2575   10.0817    0.9056    0.7732    0.0025    0.0023    5.3289    4.7704  0.1066E+04  0.1572E+04 -0.4908E-06  0.2266E-11  0.1000E-09  0.1000E-09  0.1000E-09  0.1000E-09  0.7740E+04  0.0000E+00
    0.2109  1  1   38.8906   23.3427   18.2575   10.0817    0.9059    0.7732    0.0025    0.0023    5.3291    4.7704  0.1064E+04  0.1572E+04 -0.4908E-06  0.2270E-11  0.1000E-09  0.1000E-09  0.1000E-09  0.1000E-09  0.7740E+04  0.0000E+00
    0.2155  1  1   38.8884   23.3427   18.2575   10.0817    0.9062    0.7732    0.0025    0.0023    5.3294    4.7704  0.1062E+04  0.1572E+04 -0.4909E-06  0.2273E-11  0.1000E-09  0.1000E-09  0.1000E-09  0.1000E-09  0.7741E+04  0.0000E+00
    0.2201  1  1   38.8861   23.3427   18.2575   10.0817    0.9065    0.7732    0.0025    0.0023    5.3296    4.7704  0.1060E+04  0.1572E+04 -0.4934E-06  0.2288E-11  0.1000E-09  0.1000E-09  0.1000E-09  0.1000E-09  0.7741E+04  0.0000E+00
    0.2247  1  1   38.8839   23.3427   18.2575   10.0817    0.9068    0.7732    0.0025    0.0023    5.3299    4.7704  0.1058E+04  0.1572E+04 -0.4957E-06  0.2302E-11  0.1000E-09  0.1000E-09  0.1000E-09  0.1000E-09  0.7741E+04  0.0000E+00
    0.2292  1  1   38.8816   23.3427   18.2575   10.0817    0.9071    0.7732    0.0025    0.0023    5.3302    4.7704  0.1056E+04  0.1572E+04 -0.4957E-06  0.2306E-11  0.1000E-09  0.1000E-09  0.1000E-09  0.1000E-09  0.7741E+04  0.0000E+00
    0.2338  1  1   38.8793   23.3427   18.2575   10.0817    0.9074    0.7732    0.0025    0.0023    5.3304    4.7704  0.1053E+04  0.1572E+04 -0.4957E-06  0.2309E-11  0.1000E-09  0.1000E-09  0.1000E-09  0.1000E-09  0.7742E+04  0.0000E+00
    0.2384  1  1   38.8770   23.3427   18.2575   10.0817    0.9077    0.7732    0.0025    0.0023    5.3307    4.7704  0.1051E+04  0.1572E+04 -0.4957E-06  0.2312E-11  0.1000E-09  0.1000E-09  0.1000E-09  0.1000E-09  0.7742E+04  0.0000E+00
    0.2430  1  1   38.8748   23.3427   18.2575   10.0817    0.9080    0.7732    0.0025    0.0023    5.3309    4.7704  0.1049E+04  0.1572E+04 -0.4962E-06  0.2318E-11  0.1000E-09  0.1000E-09  0.1000E-09  0.1000E-09  0.7742E+04  0.0000E+00
    0.2476  1  1   38.8725   23.3427   18.2575   10.0817    0.9083    0.7732    0.0025    0.0023    5.3312    4.7704  0.1047E+04  0.1572E+04 -0.4985E-06  0.2332E-11  0.1000E-09  0.1000E-09  0.1000E-09  0.1000E-09  0.7743E+04  0.0000E+00
    0.2522  1  1   38.8702   23.3427   18.2575   10.0817    0.9086    0.7732    0.0025    0.0023    5.3315    4.7704  0.1045E+04  0.1572E+04 -0.5001E-06  0.2343E-11  0.1000E-09  0.1000E-09  0.1000E-09  0.1000E-09  0.7743E+04  0.0000E+00
    0.2567  1  1   38.8679   23.3427   18.2575   10.0817    0.9090    0.7732    0.0025    0.0023    5.3317    4.7704  0.1043E+04  0.1572E+04 -0.5001E-06  0.2347E-11  0.1000E-09  0.1000E-09  0.1000E-09  0.1000E-09  0.7743E+04  0.0000E+00
    0.2613  1  1   38.8656   23.3427   18.2575   10.0817    0.9093    0.7732    0.0025    0.0023    5.3320    4.7704  0.1040E+04  0.1572E+04 -0.5001E-06  0.2350E-11  0.1000E-09  0.1000E-09  0.1000E-09  0.1000E-09  0.7743E+04  0.0000E+00
    0.2659  1  1   38.8633   23.3427   18.2575   10.0817    0.9096    0.7732    0.0025    0.0023    5.3322    4.7704  0.1038E+04  0.1572E+04 -0.5001E-06  0.2354E-11  0.1000E-09  0.1000E-09  0.1000E-09  0.1000E-09  0.7744E+04  0.0000E+00
    0.2705  1  1   38.8610   23.3427   18.2575   10.0817    0.9099    0.7732    0.0025    0.0023    5.3325    4.7704  0.1036E+04  0.1572E+04 -0.5005E-06  0.2359E-11  0.1000E-09  0.1000E-09  0.1000E-09  0.1000E-09  0.7744E+04  0.0000E+00
    0.2751  1  1   38.8587   23.3427   18.2575   10.0817    0.9102    0.7732    0.0025    0.0023    5.3327    4.7704  0.1034E+04  0.1572E+04 -0.5014E-06  0.2367E-11  0.1000E-09  0.1000E-09  0.1000E-09  0.1000E-09  0.7744E+04  0.0000E+00
    0.2797  1  1   38.8564   23.3427   18.2575   10.0817    0.9105    0.7732    0.0025    0.0023    5.3330    4.7704  0.1032E+04  0.1572E+04 -0.5021E-06  0.2373E-11  0.1000E-09  0.1000E-09  0.1000E-09  0.1000E-09  0.7745E+04  0.0000E+00
    0.2843  1  1   38.8541   23.3427   18.2575   10.0817    0.9108    0.7732    0.0025    0.0023    5.3333    4.7704  0.1030E+04  0.1572E+04 -0.5021E-06  0.2377E-11  0.1000E-09  0.1000E-09  0.1000E-09  0.1000E-09  0.7745E+04  0.0000E+00
    0.2888  1  1   38.8518   23.3427   18.2575   10.0817    0.9111    0.7732    0.0025    0.0023    5.3335    4.7704  0.1028E+04  0.1572E+04 -0.5021E-06  0.2380E-11  0.1000E-09  0.1000E-09  0.1000E-09  0.1000E-09  0.7745E+04  0.0000E+00
    0.2934  1  1   38.8495   23.3427   18.2575   10.0817    0.9114    0.7732    0.0025    0.0023    5.3338    4.7704  0.1026E+04  0.1572E+04 -0.5021E-06  0.2384E-11  0.1000E-09  0.1000E-09  0.1000E-09  0.1000E-09  0.7745E+04  0.0000E+00
    0.2980  1  1   38.8472   23.3427   18.2575   10.0817    0.9117    0.7732    0.0025    0.0023    5.3340    4.7704  0.1024E+04  0.1572E+04 -0.5035E-06  0.2394E-11  0.1000E-09  0.1000E-09  0.1000E-09  0.1000E-09  0.7746E+04  0.0000E+00
    0.3026  1  1   38.8449   23.3427   18.2575   10.0817    0.9120    0.7732    0.0025    0.0023    5.3343    4.7704  0.1021E+04  0.1572E+04 -0.5064E-06  0.2411E-11  0.1000E-09  0.1000E-09  0.1000E-09  0.1000E-09  0.7746E+04  0.0000E+00
    0.3072  1  1   38.8425   23.3426   18.2575   10.0817    0.9123    0.7732    0.0025    0.0023    5.3345    4.7704  0.1019E+04  0.1572E+04 -0.5078E-06 -0.1287E-07  0.1000E-09  0.1000E-09  0.1000E-09  0.1000E-09  0.7746E+04  0.0000E+00
    0.3118  1  1   38.8402   23.3425   18.2575   10.0817    0.9126    0.7734    0.0025    0.0023    5.3348    4.7706  0.1017E+04  0.1571E+04 -0.5078E-06 -0.3096E-07  0.1000E-09  0.1000E-09  0.1000E-09  0.1000E-09  0.7747E+04  0.0000E+00
    0.3163  1  1   38.8379   23.3423   18.2575   10.0817    0.9129    0.7736    0.0025    0.0023    5.3350    4.7707  0.1015E+04  0.1569E+04 -0.5078E-06 -0.4935E-07  0.1000E-09  0.1000E-09  0.1000E-09  0.1000E-09  0.7747E+04  0.0000E+00
13700.0000 14 14   40.2437   12.1933   40.2437   12.1933   -3.7679   -4.2865       NaN       NaN  -10.0000  -10.0000  0.5967E+08  0.2000E+09  0.0000E+00 -0.0000E+00  0.1000E-09  0.1000E-09  0.1000E-09  0.1000E-09         NaN         NaN
   -1.0000 14 14   40.2437   12.1933   40.2437   12.1933   -3.7679   -4.2865       NaN       NaN  -10.0000  -10.0000  0.5967E+08  0.2000E+09  0.0000E+00 -0.0000E+00  0.1000E-09  0.1000E-09  0.1000E-09  0.1000E-09         NaN         NaN
